5,6,73
89
120,122,239
6,49,79,119,120,121,122,150,152,156
1,81,83,84,165
81,85,145,149
149
69,74,83,84,91,112,113,150,180,193
73
86,148,168
82,144,146,149,164
146
163
54,77,80,86
71,72,73,82,84,85,88,124,126,180
53
163
45,57
150
202,212,244
81
66,81,83,89,112,113,118,156,157
103,108,113,146,237,239,246,248,250,251
108
51,53,60,64,65,79,116,124,127,177
78,104,193,248
89
112
108
32,41,44,51,57,60,61,63
53,55,202,218
27,52
202
20,60,112,131,132,133
168
67
32,51,52,53,63
34,40,41,110,126,127,145,168
112
53
91
103
168
20,185
53,168,233
5
103,139
163
53
168
7,15,17,149,150,193,219,230,244
75,168
150
175
120
88
104
88
217,218,245,246,247,248,249,250,251
7,17,21,55,88,241,242,243
178,179,180,181,182,183,265
97
120,122
64,88,127,198,205,233,241,244,267,273
97
86
97
112,254
86
60
6,225,267,269
241,254,267
57,76,91,152,221,241,254
4,6,8,9,13,14,15,16,17,20
28,112,177,224,262
115
237,266
1,2,3,5,10,11,112,116,117,120
163
202,266
237
104,105
15,16
86
55,76
60
60,197
77,91,193,197,207,213,221,256,258
86
87
79
230,232
41,100
1,2,3,5,7,10,11,12,81,82
6,7,73,81
89,91
254,267,269
73
86
2,119
89
104,183
89
111
110,120
89,91
10,11,12,83,118,119,143,145,148,149
74
89
89
87
89
53
71,104,117,118,143,145,148,152
38,39,40,41,89,123,126,127,165,206
157
91
2,5,6,112,113,117
94
5,112
237
6,23,71,72,73,74,112,135,218,264
103
4,6,8,9,13,14,15,16,17,18
87,89
209,254,266
267
261,262
139
2,5,7,52,89,147,156,253
53,75,76,112
2,5,6,7,20,27,39,67,73,75
2,5,6,7,22,23,83,108,109,110
124
40,156
73,115
91
4,22,23,24,100,101,102,124,125,126
22,24,71,72,73,74,99,100,103,117
232,234
218,254
97
67,71,72,73,266
72,74,112,113,114
6,9,71,72,73
72,73,219,225,254
175,176,177,179,180,181,182,183,194,195
7
52,76,254,262
262
66,81,83
65,103,112,156,174,180,182,202,216,218
130,153,156,174,199,216,225,265,271
65,141,262
218
222
60
53,55,73
6,100
65,133
164
55,79
6,41,121,168
6,71,72,73,77,107,111
2,5,64,75,233,269
72,88,267
91
55
5,55,112,116,168
60
156
103,265
41
94
78
89,117,125,128,135,149
233
45,119
32,45,51,57,62
1,2,3,4,5,6,8,15,16,17
2,5,6,7,89,91,104,112,116,117
2,5,6,73,92,117,118,122,143,149
6,91,163
64,133
35
72,73,86,91,218,241,244,254
2,5,6,7,67,71,74,75,80,113
2,3,4,6,7,8,15,17,18,25
5,6,7,8,73,116,122
233
65,88
5,60
68,73
6,15,67,97,169,193,225,237
6,7,39,40,41,74,130,135
116
2,120,122,153,156
5
127,229
44,53,64,65,76,79,86,87,88,97
133
89,136
34,111
16,37,60,79,80,117,118,119,120,126
23
59,60
183
264
18,27,111,175
19,59,89,113,144
59,113,145,149
221
2,5,6,7,23,27,32,53,117,118
41,55,89,113,184,188,198,216,218,254
6,89,91,176,183,184,185,186,187,188
175
2,6,7,101,103,124,126,127,184,185
97
5,103,141,168,233
227,254
8,87,91,134
5
55
27,45,75,128,175,205,262
5
164
164
225
197,212,218
74,83,116,117,150,202
141
103
62,126,128,132,133
83,116,141,150,165
4,5,32,51,97,103,261,267
72,73,113
139,141
254
112,126
53,62,72,73,101,116,122,136,168,262
52
120,122
6
79
33,86,87,89,213
269
55,62,79
89,94,120
202,203,225,237,266
89,110,145
37
53,55
261
67
53,55
20,41
183
56,67,70,90,161,168,230
53,55,62,65
79,132,134,138,168,221
52,56,73,91,102,112,116,122,153,163
3,5
92
133
71,141
100
164
242,273
6,72,142
55
116
136
45
197,212,229,262
52,89,233
51
103
32,33,44,56,272
89,150
6,87,88,89,90,175,202,203,254
149,150
80
103
103
2,6,7,71,72,73
202
228
2
112,168
55
79
5,6,69,74
20,167
2,3,5
115,116,126
161
7,91,163,245,254
55
104
57
161
55,262
215
89
1,2,3,5,7,22,23,24,71,81
60
67
91
116
27
23
16,20
64
262
133
5,33,101,102,116,134,137,138,175,181
44,116
38,40,103,104
57
60,120
120
4,89,135,146,168
2,64,65,103,120,127,149,150,161,177
202
44,51,53
218
140,141,221,241
6
135
78,104,117,120,121,202,237
52
2,5,148,168
55
54,93
210,241,254,262
174,175,176,177
194
6
254
6,123
45,51
41
192,254
160
6,254
112
86,101,103,206
7
75,146,215,254
103,128,241
22,131,136
59,79,215,254
91
1,3,4,5,6,8,71,72,100,101
64
124
5,40
6,79
15
265
69,112,168,179,206
103
32,55,57,116,168
77,262
72
39,41,135
53
5,124
54
18,126
89
89
120
138
165,262
116
254
91
146,150
45,51,88,89,105,159,183,243,252,253
55,156
139,197
93
149
28
3,5,7,15,152,227,242
86,88,254
245
156,264
6,55,103,112,117,124,146,149,164,168
117,262
60
146,164,168
89,126,127
81,112,116,117,157
168
89
33,110
133,134
131,149,229
143,154,161,167
66,67,68,69,70,71,72,73,74,75
104,241,267
168
117,120,151,247
55,60,62,116
5,53,55
56
169
37
264
264
7,113,168
5
16
116,165
73,75,91,143,149,150
116,121,122,145,146,151,152
45
168
98,128,170,189,197,212,229
155,156
161
104
5
141
5,89,168,205
5
89,120,122
79,80,177,215,224,241,254
6,86,88,116
20
88,90,124,126,127,129,130,131,132,133
156
126
57,72,73
51,52
23
56
39,41
124,125,126,127,128,130,132,133,134,137
129
101,103,232,262
197
60,112,113
241
71
254
163
103
252
168
53,112
5,74,109,272
72
87,91,141
126
39,41
116,148,168
39,41,60,72,86,101,124,139,141
124,156,237
165
119
55,83,112,118,212
2
125,126,127
34,41,139,168
60,237,239,240,241,242,243,244,273
2,5,6,90,94,171
6,122
148
265
92,116,120,121,122
20
44
16,18,150
5
6
60,175,203
56,116,141,168,262
51,56
5
5
202
165
6,70,72,73,88,103,104,105,119,120
103,112
126
116
2,116
120
2,5,6,79,149
133
60
39,45,51,60,89
41
6,121,122
111,160,164
5,40,168
2
1,5,73,109,116,117,119,120,122,143
55
256
60,141
6,89,241,254
39,41,143,176,183,217,218,251,265,266
44
197
116,168
74,164
74
6,51,55,112,133,135
230
81,117,138,235
133
120
53,103,138,188,262
109,110
82,117
66,67,68,70,112,113,114,177,179,180
7,38,73,105,115,163,168,169
88
92
40,138
89,90
126,127,262
176,242
16,17,89
176
139
267,268,269,270
149
6
41,95,111,184,186
118,156
150
54,262
53
130
167
175
103
112
63,65,119,126,133,139,143,190,202,218
6,16,51,57,59,61,77,139,156,178
27
150
3,133
269
94,95
252,253,266,272
262
128,138
5,6,73,80,103,107,168,229
6
112,265,266
2,168
72,91,170,184,189,192,193,197,199,206
72
44,53,168
51
149,150,242
5
57,64,73,76,79,189,267
89,126,127
6,62,64,107,116,132,183,184,226,237
89
89
115
37,64
91,254
211
60,156
74,150
41
179
21
27,104,162,168
15
118
40
5,73,116,119,168
34,79
89
2
65,78
79,126,129,133,134
105
53,55,225
162,168,211
2,6,7,41,55,67,72,77,88,90
183
38
132
112,113
112
145,264
72,87,90,97,107,108,109,118,119,120
71
262
6,65,72,73,88,102,103,128,168,183
118,213
86,120,122
141
2,5
112
89,118,119,272
168
15,103,123
59
242
100,103
168
39
39
103
89
120
53,81,123,143,150,237,245
79,80,168
116
141
2,6,117,120,122
40
167
72,88,102,128,138
55
103
16,89
112,116,150
64
44
2,5,18,69,75,81,82,89,100,104
78,79,80
54,77
55
112
5
133
2,6
4
141
91,95
27,57
141
5,52
242
79,124,241
67
1,83,105
91,116
76,77,78,79,80
132
200,262
66,67,68,74,75,81,91,112,116,146
119
126
103
177
89,90
210,242,272
116
6
89,237
184,186,187,188,190,192,198,231
79
23
177,186,192
89
163
255,256
80,118,168
170
107,109,113,114
72,103,139
82,120
15
57
89
197
242
64,65,139,163
127
7
55,116,124
53
52,75,112,153
5
264
264
5,119,149
77
6,7,86,89
6,7,86,89
91
6
33
37
33
53
33
53
8,70
33
193,231
168,183
120,149,183
79,211
79
133
20
56,112,151,176,218,233
225
133
53
2,4,5,6,8,16,17,18,20,22
138
2,18,33,37,39,40,54,62,77,78
76,79,80
2
15
127
141
254
77
2,5,6,168
37
118,124,146,167,168,170
138,139
168
2,3,5,67,71,73,119,120
87
55
101,126
33
265
151
265
150,152
142
2,6,82,89,117,127,168
156,264
168
2,150
79
141
7
7,168
53,79
115,165
164
57
67,120,149
52
6,7
124,132,133
150
168
254
32
149
124,139
44,51
5,6
127
189
41
233
7
53
6
72,91,103,132,134
79
89,267
141
120,121
138
168
168
2,3,5,6,45,72,73,100,104,110
20
101,102,139,154,164,237
140,141
41
71
51
4
120
64
6,20,80,83,113,114,120,121,122,124
210
183,210,217,218,251,272
5,168
129,175,203,213
41,167,175,202,203,229
138
90
138
203,207
244
45,51
264
89
2,3,5,73
89
103,176,241,267
148,168
67
176
55,60,74,89,112,168,262
128
35
89
127
7
89
89
131
124,262
53,91,180,262
2,5,6
6
133
168
168
130
120
39,116,168
7
60
97
65,128,221,267
126
39,262
103
163
73
5,16,20,27
104
120,122
168
168
120
87,88
2,143
55,168
2,126,127,128,136
143,149
97
148,168
163
116,117
143,148,168
71
136
37
100,139
5,6,64,218,254,269
6
41
19,24
56
87
134
16,89
23
1,2,3,4,5,6,67,112,116,117
6,7
2,168
20,23,38
60
139,168,233
132,133,171,206,244,247,254
91,96,97
174,175,176,177
149
5,6,89,90
116
163
62,65,72,179,194,214,234,241,251,262
27
251
91
44
63,65,124,141,202
89,222,228,268
55,133
222,228
168
73,117
112,116
4,6,7,116
141,190,191,206
73,120
168
2,5,168
53
116
79,241
60
150
1,2,3,4,5,6,8,22,23,24
91
168
146
91,194,233,234,236
40,41,64
132,133
86,107,113,116,118
6,7,72,73,92,116,119,120,122,168
89
60,62,89
254
71
6,72,73
27
6,112
54,89
52,62
130,138
79,80,91,233,242
132,146,150
222
65,141,218,233
116
193
138
55,88,132,151,212
141
6,116,120,122,135,254
64,71,72,73,131,135,136,140,233
105,112,168
116
21,79,81,98,108,112,116,118,132,140
193
2,5,6,66,75
6,122
65,163
90,91,112,168
55
254
78,79,103
53,64
183
163,254
22,67,102,103,112,140
125,126,159
15,16,21,169,262
168
37
20,80,143,149,160,167,168
225
27,146,152,156,159,171
136
165
27
2
2,55
2,63
6
125
138
112,149
20,150
164
141,148,168
5,6,72
7
115
127
2,3,5,6
254
32,64,80
77,78
7
168
51
16,115,165
38,86,87
78,79,80,133,139
27,28
77,78,79,80
150
67,71,73
67,86,95
71,72,73,123,125,127,219
5,123,135
168,219
213
44
60
267,269
104
20,150
6,72,73,92,122
2,75
205,262
82,101,113,120,126,127,128,134,137
88
168
2,20,67,71,91,119,149,163,168
45,86,87,88,91,168,216
88,135
67,73,143,149
57,94,97,100,103,139,197,215,229,267
79,104
149,168
52,63,89,90,104,133,156,175,265
60,127,193
149,167
51,90,101,103,127,148,156,168,174,267
63
75
6,7,72,73,122,163
2,3,5,81,82,116,120,122,149,163
64,123,126,267
92
139,151,168
5
112
121
2,5,6
91,103
120
132,163
265
27,127
164
168
118,119
149
163
168
242
225
2,6,72,73
142
2,7
90
2,5,6
55,67,73
116
168
103,183,189,196,234,258
168
101,103,218
133
6
254
37,72,112,116,152,168,183,221
168
193
112,127
5
168
18,19,27,28,32,34,35,36,37,39
15,97,116,134,138
218,230,245
103
218
238,240
6
2,119,149,168
2,5
128,132,133,134,135,139,141,142
267,269
214
134,140,141,142
67,153,156
79,168
76,77,78,79,80
88
73
37,64,80,176,180,212,221,224,245,266
72,120
132,133,134,138,139,141
7
178,179,180,181,183,265
32,33,34,35,36,37,38,39,40,41
7
126,127,128,129,133,134,135,137,138,140
130
143
126
66,68,75,108,110,113,146,148,150,151
123,124,125,130,131,136
93,104,126,253
152
120
141
5,100
148,168
82
86,91,151,168,266,267
126,149
112
15,218,257
63,65
89
89
120
57
94,95
168
110,117,122,149,163
168
16,21,23,27,28,265
64
15,16,17,18,19,20,25,27,28,86
27
97
112,119
2,5,6
89,90
112
2,3,5,6,7,75,124,126,135,138
122
6
132
5,151,163
142
101
203
264
118,120,121,122,126
57,59,77,78,79,80,91
2,6,7,120
89
20,105,118
28,35,146
67
237
4
89,146
5,16,23,73,168
111
111,113
5,116,119,122
213,237
72
28,201
200,207
15,16,18,20,21,111
21
2
120
73
2,5,6,7,67,71,117,119,122,149
176,202
104
82,168
73
16
86,89,91,112,128,254
72
202
16
27
83,91
21,22,23,24
202
202
81
15,16,41,165
17,69,74,159,165
126,133
103
73
119,122
73,199,207
72
168
52
262
5,41,103
225,269
123,254
254
104
5,176,266
128
149
6
6
155,168,170
241
66,67,68,69,70,71,72,73,74,75
45,174
176,193,202,237
87,232
135,168
53,203
112,153,154,155,218
7
16,157,241
79
7
89,112
116
57
2,168
2,149,227
5,6
67,90,97,171
60
73,75,81,82,83
128
230
6,92,93,122
89
139
127,141,241
39,41
179,202,203,256
66
254
148,149,168
90,100,216,218,255
6,122
32,80,146,177,204,242
2,5,6,7,67,143,149
7
2,5,67,120,149
116
124
59
73,264
168
163
127
5,6
125
7,168
72,73,81,82,83,117,118,120,122,168
112,113,116,168,202,203,229
15,69,272
6,163,168
146
2,3,5,72,132,134,135,138
91
6,72,73,163
6,117,119,120,122,124,126,168
7
120,122
91
32,44,57,63
117,120,168
158,164,235
168
175,254
168
53,168,183
225
5,75,86,110,141,178,179,214,218,237
67
267
262
127
233
91
86,164,168,245
72,74,107,114,151,157,170
101,140
93
157
93
112
15
116
20
127
233
27,53
116
89
102,131,132,135
6,176,212,264
20
89
205
128,132
123,124
262
103
20,41
2,6,221
189
105,170
150
101
2,120
143,149
265
228
41
44,53,60,88,89
126
72
89
149,156
110
163,168
5,124
2,6,82,120,121,122,149,158,168,177
91,118,124,126,138,241
104,125
79
8,28,70,92,129,153,169
7
124
118,153
7
5
6,16,141
75,102
66,71
1,2,5,81,114,140,262
233
91
119,148,168
128
100,101,103
2
136
120,122
232
114,153
7,73,168
6,7
16,89
16
67
6,73,92,122,163
120
142
116
2,5,6
128
4
168
262
151,168
71,93,101
133
97
122,224
149,150
88,90
5,54,60,77
89
124
148,149,168
179
6,163
7,20
136,138
72,73
180
133,168
41,91
128,133,233
73,130
112
7,146,149
256
217
72
197,212,229,237,252
225
117,146
120
7
112,113,114,153,154,168
1,2,6,120,143,168
120,122
2,6
104,119,121,155,158,164,170
6,73,112,163
7,67,104,107,120,155,162
6
82
136
120,155
202,210
4,140
149
64,86,88
5,112
120
5,6,75,116,119,122,163,170
24,94
2
67,143,146
7,168
163
175,233
7
183
6,7
2,143,148
7
6,7
20
112
67
5,81,149
6,53,55,62,64,65,76,79,80,92
193
6
225
32,44,45,46,51,52,53,54,55,56
168
2,168
2,7,151,162,168
132,133,139,141
153
165,193,194,234
123,124,125,126,127,128,129,130,131,134
148,151,163,168
117,213,218,229,230,232,245,254
163
15,16,17,18,19,21,25,27,28,76
101
8,103,104,128,169
95,117
133
143,149,161,163,168
4,24,69
124
117,161,168
168
117
168
6,67,110,148,151,168
117,122
33,35,36,37,38,39,40,41
101,103
116,118
209,266
237,262
193
193
117
1,7,23,116,118,152
117
27,55,73,112,115,118,126,127,141
103,104,183,272
33,34,35,38,40,41,108,109,110,111
44
118,120,121,122
127
174,216,265
132
7,104,105,119,130,158,163,170
202
117,118
60,237,244,254,266,272
77,78,80
115,193
193
32,44,45,46,51,52,53,54,55,56
41,112
89,116,120,121,122
138
139
124
5
67,71
2,3,5,6,102,103,112,116,118,122
67,72,73
33
91
193
91,161
1,7,23,116,118,152
124,130
168
120
6
139
104,105
163
37,55,57,65,77,80,86,87,88,89
41,51,59,60,233,237,254
76,77,79,80
67
51,57,83,127,128,133,138,175,222,225
67
24
90
110
119,132
221,272
87
53
168
15,16,17,18,19,21,22,23,24,25
89
168
57
103,139
27,91,241,254
86,111,119,198
168
91
112
87,97,123,128
89
91,118
55,73
168
112
2,5,6,143,149,150,151,168
193
5
6,7
2,6,60,92,93,134
148,168
89
193
62,112
67
2,67,82,143,149
128,134,138
5,101
5,116,168,268
163
132,139
2,5,6,107,112,113,114,116,120,121
124,125,126,127,133,138,141,262
193
2,5,6,7,262
168
59,60
225
5,75,107
143,145,146,147,148,149,150,155,157,158
89,152
164
116
149,218
128
86,115,141,142
23
2,6,72,237,241,242,243,266,273,274
20
45,89
168
148,168
71,75,108
116,120,121,122
104,108
141
45,262
91
15,18,120,250
264
16,67
112
89
32,53,121
55,60
54,149
183
168
67
217
181,206,214,231
104,241
112
72,73
2,120
53
75
202
97
75
2,67,119
112
194,216,218,234
120
73
6,108,113,138
87,88,91
93,254
164
113,141
2,5,138,168
211,219
37,67,100,101,132,133
2,6,73,75,163,168
44,51
6
134
168
104,105,119,120,122
175
139,168
127,128
130
156
117
2,6,23,67,71,101,104,118,120,121
20
129,131,135
126
73,75,87,90,123,124,126,128,132,272
233
2,6,103
93
44,45,51,54,56,57,76,79,80
2,3,5,148,168
175,179,180,181,201,213,239
73
4
193
254
122
127,128
3,5,6
168
141
67,73
40,41,87
127,128,132
158
96
136
89,168
6
133,139,141,265
90,128
112
5,168
86,87
87
168
168,175
71
112
94
103
41,64,168
65
6
4,101
138,149,150
112,116,117,168
2,5,148,168
67
112,113
116
149
72,73
120,122
119
3,71,104,109,119,144,150,154,161,167
69,111,146
272
215,224,265,266
178,203,234,252,266
51,89,150,184
168
72
67,74,119,143,149
272
64,168
89
113
242,243
44
65
112
225
237,242
90
147,167
5
116,117,118,120,122,123,125,129,130,131
7
116
15,20
53
97
197
20,23
112,144
127
142
117,120
89
237,238,240,243
163
38,41,73,87,93,129,135,163
3,5,168
148,168
103
6,41
67,73
193
233
254
134,138,262
6,241,254
124
71,72,73,127,134
146
124
16,156,214,232
41
119,121
163
103,104
116,120,121,122,168
6,7
164,168
72,116
32
143
120
112
168
254
108,111,112,113,114
174
108,109,110,118,164
180
101,125,129,132,134,138
20,254
193
146
111
120,127,168
86,97
103
193
161,167
193
89,225
135,141
20,91
2,6
2
168
36,57
148,168
97
81,89,119,120
135
183
73
86
7
179
116
168
116
52,55,223
89
252
97
149
64,266
120
2
40,175
88,175
2,5,116,117,120,122,168
132,143,149
57
148,168
72,94,223
6
107,168
2,5,103
233
73
87
122
5
148,168
73
73
92,93,101,176,177,183,217,230,234,237
2,3,5,6,7,20,23,67,71,72
130
64,168
20
75
89
67
75
73,112,153
163
5,36,39,168
6,7,148,168
237
262
206,268
168
73
6
268
89
148,168
6,72,73,163
1,6,73
100,104,183
6,7,163
6,7,8,17,23,66,69,71,73,92
2,3,5,6,168,254,262
193
2,105,119,155,162,170
2,6,44,53,54,55,57,60,63,71
103,104,183,262
262
37
93
140,142
148,168
193
71,108
193
2,7,168
112
89
6,120,121,122
2,5,6,7,67,73,74,75,83,101
20,22,67,72,73,143,228
89
136
89,91,112,113
89
7
134,138
126
175
163
7,112,127,168
2,6
127
7
72,73,124
194
65
53
193
237
6,66,72,74,108,109,117,120,122,143
53
193
193
193
110,183
56
52,91,101,103
73,120,199,206
151,168
193
168
193
234
193
64
55,73
163
55
152,193,260,269
91
72,234
168
35
7
1,2,3,4,5,23,86,116,117,118
15,25,27,39,41,89
178,179,180,183
127
116,128
20
121
115
163
167
134,138
17
123,125,168
149
2,3,5,6,148,163,168
7
65
67
27
54,156,216,237,241,265,273,274
70
27,39,40,89,91
65,67
52,53
143,149
52,55,88,119,127,142,150,151,202
156
88,262
1,2,5,7,73,81,82,101,129,134
237
27
88,91
115
168
53
5
124,168
117
2,7,67
178
91
72
143,149,152
91
225
1,2,4,6,22,23,24,41,71,73
126
97
193
141
97
143,149,171
193
44,51,59,60,62
20
3,119
51,117
217
60
124
112
6,116,122
175,265
143,171
89,132
2,124,126,128,156
193
103
67
128
60
20
71,72,73,108,117,120,121,141,225,240
67,71,72,73
168
206
15,16,20
193
112,113,114
6,75,117,120
41,120,122,141
91
153
40
73
41
5,6,262
193
40
6,73
131
16,41,198,205,234,241,243,254,261,264
225
193
4
81,145,150,157
126
90,148,168
7,20
73
62
266,272
81,82
168
66,158,193
91
163
193
73
193,239,240
4,5,22,101,120,132,139,140
155,158,266
55
127
25,116
183
5
72,73
20,193
112,116,117
168
262
75
89
62
89
193
89
104
89
55,89,254
88,89
193
158
168
2,62,86
6
193
2,7
71,163,168
60,118
72
20
75
136
119,120,134,148,150
5
168
7
193
89
148,168
5
149,168
67
168
97
67
193
140
143
95
168
5,116,127
83,130,149
91
265
75,167
121,122
123,126,127,137
233
193
117,119,122
2
105
100
73
22
140,141,142,163
262
168
112,113,174,180,204,213,221,229,237
67
20
22,23,39,41,129
20
129,135,136
7
193
167
103
55,193,197,218,257
5
113
55
152
139
64
7,148,168
5,116,168
89
15,100
88
71
15,16,20,87,88,91,115,150,176,237
81
20,97,262
45
145,150,160,161,162
73,90,93
86,118
92,93,140
53,233,262
124,133,134
87
168
193
16
119
4
65
241
5,72,73,168
5,112,113
95
120,122
112
101,103
82,120,168
116
163
116,168,193,198
7
6,92,93,122,165
90
18,55,89,91
124,143,146,149,150
148
18,89,91
217
168
51,57
117,120
6
2,5,7,82,120,149,155,164
65
17
112,116,146,150,164,168
73,75
2,5
7
97
193
168
15,16,20
6,73,122
89
91
32
149
60
16,20
55,62
193
126,127
7,108,109,116,122,151,152,168
143
228
5,112
67
178
89
254
89
154
89
89
89
89
91,117,218,262
5
5
120,121
146,181,192,193,194,198,232,241,254,273
168
22,24,39,41,86,177
168
6,7
168
27
237
113,119
89
72,73
254
2,3,4,5,23,24,67,71,75,83
6,7,163
6,7,73,110,122
72
52
139
126
267
6
175
168
22
112,116
116
193
141
20,67,73,149
120
193
139
40,75
89
116,162,168
6
120,122
133
193
193
133
91
65,89
163
168
146,150
262
160,168
148,151,168
107,168
151
124,126
5
120
156
2,6,7,67,82,110,117,119,120,122
5
2,67
91
117
132,134
168
168
151
133
64,193
5
138
34
168
126
119,120
136
176,177
139
124,125
124,125
4,101,102,120,132,149
22,23,24,39,41,75,104,108,110,111
103
97
5
168
181
193
81,82,83
264
120,122
41
66,67,73,74
126
130
233
112
6,72
55
5,71
7,67,71,72,73,100,105,119,120,121
149
66,68,69,71,72
6,87,88,91
132,133
2,5,6,72,73,104,108,109,120,122
57
116,117,118,119,120,121,122
6,41,116,117,168,176,237
63
176,202,237,242,244,252,261,262
146,150
2,20
193
7
108
5,101
2,6,112
112,116,122
89
148,168
28,41,132,133
27
72
178
198
90
132,183
163
269
89
218
109,176,180,183,217,218,251,265,266
5
1,2,4,5,6,7,8,81,82,83
89
67
116,122,127
72
103
262
235,241,242
175
5,112,118
89,91
16,20,92,93,94,123,124
67,254
60
2,112
193
89,117
168
168
193
147,148,156,157,158,170
88,242
65,118,151,221
168
103
5,112,168
193
119,120,143,149
239
62,116
168
117
65
2,5,6,7
72
128,132,175
126
40
61
164
92
138,149,265
132
132
24
108,110
135
149
112
55
108
108,109
98
91
6,7
53,90,91,97,114,149
111,124,225
89,231
116
89
73
91
7,20,57,66,87,91,92,104,112,120
75
89
86,89
5,53,65,127,141
89
175
2,5,6,7,71,72,73,117,148,151
89
119
89,97
168
67,73
89
7
60,71,237,239
89
143,149
131,134
91
91
103
86,89,91
91
91
142
62
233
7
89,149,176,237
55
91
149
112,180
91
20
104,119,122
91
91
89,91
91
91
91
91
91
53
7,136
150
146,147
20
6,64,67,91,111,124,183,254
20,91
163
168
122
64,65
1,3,66,68,83,118
105
153,262
83
163
67,118
103
20,55
262
2,6,107,108,110,111,113
91,141
75,168
16,83,141
91
150
71
72,102,127,202,233,265
112,113
5
101
5,7,67,69,72,73,74,75,82,104
133,140
116,168
5,71,139,215,237
88,91,133,138
5
168
137
91
90
168
2,7
7,81,82,110,113,114,117,148,237
175,233
193
64,87,91,119,120,122,126,148,168
19,65,91,130,247
72,103
143
103
18
141
193
133,134
71
168
60
123,124,128
112
1,2,4,105,110,116,120,121,122,168
193
2,5
72
193
193
124
6
74
32,53,104
2,7,124
103
7
2,5,7,123,124,126,129,135,143
6,73,93,122
168
117,120,122,151,168
103
6
149
229
193
91
117
103
168
44,56,89,107,267
5,121
135
193
164
73,163
2,67,143
119
91,262
112,114,155,156
149
130
193
19,62,262
91
93
41,118,122
132,139
38
155
97
262
139
23
262
91
168
73
60
66
89
89,216
216
60
45,51,148,168
120,122
168
18,90,133,141,142
218
75
81
2,5,7,89
5
216
149
104,119,136,149,162,170
2,3,5,6,7,107,116,126
149
168
91
82
147,167
4,24,75
120,122
71,104,155,162
126,127,128,149
116
91
27
119
140
41
89,91,111,221
89,90
97
2,5,168
87
164,237
167
112,141
193
5
175,265,266
91
168
128
126
237
81,83,120
163
72
116
183,262
23,24,52,54,66,87,118,119,120,121
168
83,150
168
2,6,73,75,227
141
237
167
101,103
55
41
2,6,7,73,104,119,155,162,164
193
2,6
1,2,120
168
53,262
168
153
167
53
83,117,120,121,122
218
168
5
193
141
93,254
143
128
2,4,5,6,67,71,72,73,74,75
140
100
193
2
193
233
20
7
164
168
110,128,132
91,140
254
193
127
103
22,134
168
2
2,3,5,6,7
104
73,118,122,163
139
7
134
6
193
105,164
6,7,149
89
234
2,5,6,112,116,117,151,168
254
6,20,41,72,73,88,93,107,118,122
261
103
5,124,176,180,254
124
53
119,143
82
193
82,149
93
35
138
168
57
6,72,73,122,135,163
20,23
168
7,168
2,149,152,168
125
103
6,73,122
3
120
2,3,5,6
22
208,242
103
100
163
155,168,253
133
74
68,74,109,120,146
2,5,6,7,121
164
153,159
202
143
4,8,23,73,92,104,105,112,119,122
81
71
52
254
4
26
71
103
93
6,82,120,149
6
71,72,73
104
116,117,118,146,147,168,171
5,101,116,158,168
45
72,73,163
2,6
122
135
71,72,73
237
51
112
2,81,108,109,110,135,136,164
6,72,73
264
112,113,114
5,6
120
218,268
82
83
2,5,135,168
163
141
16
60,156
127
24,103,158
1,2,3,5,66,68,104,110,114,118
168
112
122
202
7,180
67,112
101
110,124,133
120,168
40
168
168
7
41,91
72
148,151,168,262
59,65
193
112,214,231
67,71,73,108,111,163
176,202,218,253,262
104,143,162
5,65,89,103,127,168,241
52
39
7
57
262
2,3,6,7,83,116,120,122,143,144
5
175
67
3,5,71,75,82,110,117,119
6,116
82
91
103
16,27,39,44,60,86,87,88,89,90
2,6,7,82,110,148,168
5
233,265
103,141
120
53
5,20,126,127
73
218
2,5
73
67
2,168,208,266
1,5,6,112,141
168
141
100,138,139
163
67,175
168
112
193
148,168
120,141
67,71
97,175,202,213,230
133
89,96
103
88
2,67,149
232
163
117,122,146,168
126,127
215
2,3,5,6
2,5,7,168
103
55,133
89
133
129
44,46
168
124,126
193
101,103,237
137
118,158
38
149,150
218,225
168
112,170
68
116
237
120
87
155
129,136
2,6
83,150
98
7
141
225
5,20,143,237,255
168
262
6,163
233
117,120,121
196,218,266
153
143,149
139
168
143,152
124
27
168
103
44,51,60
119
6,7,72,73,92,93,122
91
168
255
90
119
116,167,168
116,167,168
41
36,39,45
89,90
6,143
175,179,186,218,242,254,265
20,116,127,241
2,5
116,117
138
130,269
113
146,168
55,107
62
119
109,112
175
248
44
53
55,90,112
116
193
56
7
2,73,75,104,107,116,117,119,120,143
225
5,82,149
192,230
89
73
68,254
6,73,81,100,104,110,120,146
2,6,7
254
217
60
2,104,119,124,140
149
112
5,7
1,2,5,7,116
6,27,39,41,51,53,54,55,56,60
2,3,5,7
72
101
123,266
5
67
5,136
2
225
254
2,5,6,7
112,113,114
2,3,5,120,246
89
129,130,131,136,138
92
233
89,124,218
67,130,156
116
6,122
117
2,118,120,122
7
114
92,93
168
139
143,152
108,109
27
93
119
102,105,137
116,117
117,120,121,122,156
165
5,112,140,143,148,152,168,237
66,74,75,107,108,112,117,143,147,148
101,103,168
262
20
6,117,120
2,68,149
2,3,5,6,117,119,121,122,134,136
104,164,254,267
122
41
111
7,67,73,119
180
89
168
5,132
65
117
4,75,149
6
73
2,67,74,119,143,149
262
112,116
146
168
5
7
157
86,87
116
22,140
6,122,163
67,73
89
168
5
91
141
89
103,138
22,102,139
167
68,164
142
265
217
141
97,256
100,102
6,60,67,73,88,89,90,116,141
75
89
120
218
168
225
5
7,168
54
262
73,92,163
73
112
89
180
143,163
101
7
2,3,6,7,72,73,75,83,93,124
6,120,122
6
4,71
2,5
89
65,225
168
2,4,5,6,82,116,117,120,121,136
248
69,73,108
2,4,71,102,120
55
227
5
69,73,108
112
129,138
91,119,143,149
7,81,104,105,108,110,118,119,143
20,67
65
6
89,151,168
73
5,73
6,92,120,122,218
110,113
168
67
89
112
7
149
6,122
72,140
55
268
136
7
148,168
120
139,168
68,145,148,150,161,168
155,170
120
6,19,37,93
138
67
71
166
120
168
130
116,120,122
65
8
149
164
71,97,225
71,101,134,138,139,142,168
5
89,225
67,73
6,73,122,153
53
39,88
97
92
71
149
218
124,135,148,168
89
2,66,67,75,104,107,109,117,119,120
217
149
71
124
54
6,72,122
4,7,135,149
2,3,5,6,104,118,119,120,122,158
71,112,116
89,91
7,266
255
15
139
120,121,122
6
168
2,7,136,140
133
67
5
264
237
5,6
90
67
132,134,140,141
237,241,242,243,273
89
86,89
8,22,23,24,33,70,131,169
33,70
101,103
164
132,141
124
242,273
124
132,141
180
75
2,6,67
2,5,6,112,113,148,168
133
193
175,265
67,73,148,168
75
73
5,71,75,93,167
163
123,141,142
6,86,87,89,120,122
39
89,152
112
2,5,6,66,72,73
55
91
6,73,163
242,243
2,7
4,5,112,116,135
8
168
164
87,90
103
150
142
256
27,64,65,71,72,73,218,241,254
87
72
6,122
168
218
37,149,168,171
87
34,112,155
214,233
120
41
73,92,93
101
55,262
189,190
168
124
20,67,143
89
116,117,122
34,37,38,59,93,115,254
53
116,122
6,71,112,116,117,168,170
127
3,5,41,132,133,165
6,7
6,75
148,168
163
89
90
122,163
35
67,82
164
6
134
163
124,125
40
41
168
91
5,6,73,103
2,6,152
55
117
143,148,168
91
2,6,7,104,107,111
143
81,82,83,104,107,108,110,113
57
112
156
54,59
148,168
199
146
233
101,103
15,62,97
139
65
2,5,143
140,141,142
124,126
138
2,5,67,143,146,149,151,152,168
180
128
132,202,254,269
65,237,262,272
65
5,89,126
213
168
6
126,232
4,22,23
23,125
6
103
71,72,73,91,103,142
73,148
3
141
5
133
196,233
163,168
124
55
116,168
103
55
2,3,5,82,83,101,103,131,149
141
176,183,217,251,265
149
66,70,71,153
262
141
168
202
207
141
103
73
148,168
103
68,126,168
160
162,211
1,3,5,6
140
5
92
62,217
2,164
5
6
218
124,127
86,87
146
2,6,7,71,122,151
120
5,126
6,73,163
118,217,262
7,168
126,141
25,27,112,113,146
138
2,6,71,72,73,75,161,171
192,197,215,267
7
164
254
140
2,6,60
168
6,7,152
68,161
71
151
148,168
149,151,168,216,217,218
110,113
5,6
132
170
73
130,132,134,135,138,139,140,142
149
3,5,6
104,162,168
133
69,74,107,170
146
82,134,137
6,149,163
133
126
27
116
170
2,4,5,6,7,20,38,55,67,75
2,7,83,104,117,120,151
233,254
153,154,156
5,6,71,73,163
168
168
6
82,117,120
254
64,65
138
35
7
87
171
168
72,73,91,92,93
73,122,168
6,103,133,148,151,168,241
133
233
72,151,163,168
110,164
37
163
71,72
57,143,148,151,168
6,122,124,163
168
38
45,118,124
55
5,55,72
168
45
3,5,6,7,112,113,114,168
6
57
216
53,55,197,241
162
171
118,146,147
6,72,73,163
89,120
116,122
216
143
103
91
116,122
2,5,132
22,24,120,121,122
168
185
218
6,73
72
6,7,71,73,119,120,122,150,151,168
6,72
112
87,135
156
4,5
120
151
125
148,168
73,125,136,163
138
145,161
194,198
146
138,233
168
272
87
104
6,72,73,89,202
116,117
168
127,128
126,130,132,133,134,137,138
116,117,122,168
103
59
6,72,73,122,163
124
71,74,117,119,120,131,136,140,146,148
141
252
103,112,116,141,237,266
41
7
73
264
179
55,71
24,105
133
230
89,149
20
5
152
216
52
41
7,168
216
126,128
254
262
175
73,221
54,55
93
65
2,5
92,93
103
65
2,5,6,7
7,168
2,5,112,116,168
116,122
262
141
6
112
168
104
237
112
2,6,67,71,73,143
86,87,88,91
133,143
151,152
126
176
5
262
71
5,6,75,117
116
117,121
5
89
168
100
6,7,71,73,75,81,83,93,103,119
5,112,113,121,180,218
89
124,127
168
24
93
221
54
116
2,73,116
221
132,133,134,139
151
217
7,105,119,120,126,149,155
120
265
115
135,138
89
72,92
41,152
73
227
32
122
128
51,56
5,183
67,144,168
3,5
6,73,112,163
124,126
7,73,75,152
39
6
127
65
68
65
163,164
24
87
54,55
7
67,119,153,161,165,167
6,7,72,73,93,112,119,129,135,147
101
73
67,71,82,107,120,122,148,149,150,163
148,151,168
143,148,168
254
118,131
2,3,5,6,7,71,72,73,92,120
2,5,6,7,163
123,127
20
5
152
148,168
88
88
2,149
7
2,7,20,67,72,73,107,112,119,149
15,75
7
168
163
104,105
73
180
233
130,134
120
120
133
168
140,142
265
51,52,55
120,122
2,5,101,129,134,137,143,149,150,152
148,168
83
148,168
5
6,92,122
71,75,129,136
116
139
164,262
2,6
7
163
103,135,141
82
67
40,41
103,124,127,168
45
262
134
175,233
176
178
112
161
143,161
132,216
90,94
141,142
171
116
2,5,7,67,71,119,135,136,164
168
176,237
116,117,121,122
1,2,3,5,7,15,20,39,41,71
27,41,60,89
168
112
138
125
163
202,265
262
44,51,53,54,55
166
6,7
141
151
72,73
54
116
168
5
91
7
25,44,51,53
91
126
262
73,123
241
5,6
39
4
67
93
103,214,218
103
25,44,51,53
118
72
71
92
116
73,92
5,130,163
103
41,67,75,143,163
2,5,6,7,66,67,74,75,117,120
73
202,203
41
6,72
156,254
255,256
75
242
81
7,143,148,152,168
72
38,54
95
148,168
81,82,83,143,145,146,149,152,161,171
202
193
67
2,6,7,151,168
27,53,128
20,124
139
89
5,6
2,5,6,104,105,151,163,168,169
6,20,21,60,71,72,73,123,230,266
1,2,3,5,6,7,81,82,120,141
104
20,67
54,140
6,81,110,113,135,138,139,142
176,183,218
41
92,93,122
146
2,54,55,64,65,120
129,254
254
202
41
148,168
116,168
103
103,104
86,171,181
32
5
148,168
101,177,215,254
7
168
73
6
103
7,71,75,163
175,217
20
6,136
192
168
152,161
7
72,132,133,146
215
175
146
225
175
202
5,117
265
55,60,217
151,168
51,180,218
142
141
55
93
16,39
168
86,135
101,103,104,134,176,214,230
103,133
168
164
116
104,119,170
193
198
2
143
218,266
5,112,113,116,120,122,143,152,168
5,134,167
168
164
108,116,117,131,136
45,51,72
151
2,6,71,72,73,103,116,122,152,167
67
67,158
93
233,236
2,5,6,141,168
176,237
112
39,75,103,168
20
6
123,126,127
101,104
60,89,141
2,5,71,104,120,158,162,168
6
168
1,3,149,158
44
142
5,139
5,155
162,163
141
73
67
91
71
143
168
117,118,119
67
6
2,3,5
86,116,120,122
2,5,7,81,82,83,104,119,149,150
112
168
143,149,152
104
118,122
218
131,136
2,5,6,72,103,112,116,118,122,237
6
35
152
83
5,6,71,73,163,168
20
6,121,122
141
151
5,73
73
44,53,262
2,5,116
2,5,6,7,20,22,23,24,38,41
168
6,7
168
45
122
218
105
175
161
7
120,141,142,175,180,262,265
120
75
194,256,262
119
7,71,72,73,149,217
2,6,67,149
168
168
91
40,41
134
124,126,127
25,27
141
112
107,108,109,111,112,113,114,116,117
7
136
23
7
228
149
149
6,73,93,122,163
7
6,112,116
168
101,134
202,237
72,73
5,53
168,218
142,151,168
2,67,82,104,108,163
55
233
120
118,120
139
7,168
27
3,5
91
93,120,122,135
123,128,132,138,139
190,242
2,3,5,6,67,71
116,151,152,168
140,155
6,72,73,122,163
72,73,163
148,151,168
127,128
218
146,221
18
2,5,7,67,73,74,75,103,104,105
216,217
72
2,5
120,122,143
6,7,73,122
5,105,119,155,168,262
2,5
7
150,161
39,41,73,254
139
168
124,126,128
149,168
68,81,82,83,153,154,155
5,104,108,137,151
5,119,122,152
119
146
71,72,73,233
143
116
6
5
175
6
67,73,149,168
94
4,24,131,134,138,152
40
4,71,109,119,162,164
146,149
82,143,145,149,152
7,116,135
22
151,168
71,72,73,148,151,163,168
126,261
100,102
72
130,140
2,143
91
143,168
71,74
132
151,168
5,109,116,120,122,151,152,168
139
2,3,5
1,2,3,5,6,8
112
168
262
2,3,5,6,8,15,17,66,67,68
5,112
146
132,133,134
2,7,67,71,74,82,83,104,108,117
152
124
234
5,104,105,143,146,160
110
120
91
262
57
27,132,133
7,168
168
168
129
143,148,149,168
1
65,104,156,233
2,3,5
126
168
6
168
126
7,124,148,151,168
67
104
7
2,110
2,121
2,5
126,133,134,138,139
2,6,120,122
22
130,139
141
140
86,89
55
39,44,51,54,55,60,189,212,229
142
168
72,73,146
2,3,5,6,7,81,130
7,149
24,71,143,152
117
6,73,122,153
67,73,139,143,149,152
16
91
7
2
148,168
2
119,120,122,135,140
117
4,24,135
2,6,7,71,108,120,122,152
67,151
34
72,73,92,93
2,5,7,143,148,152
6
22,71,131,134
151,168
7
151,168
2,119,164,170
126
6,7
143,149
86,89
132,140
233
89,90
67
55
6,7
124,126,127,128
65,91,149
142
148,168
120
71,72,73,151,163
101,103
162,168
6
168
6,139
7
168,233
126,127
148,168
6,124,126,135,139,148,168
140
163
3,5,6,7,143,149,152
119
5,71,73,81,104,122,168,171
108,151
108
151
245
55
149
213
71,72,73,127,148,151,163,168
94
7
27
81
120
20
104,119,162,168
5
123,124,126
2,4,5,22,124,135
133,148,168
5
148,168
15,16,27,55,86,88,89,91,229
149
67,73
164
168
116
111,161
117,122,152,163
4,23
73
6,221,237,252,254
168
5,168
44,51,60
103
6
127
151
149
168
41,44,60
150,242
115,165
2,6,73,112,113,114,132,134,138,140
133
73
127
71
229
66,120
52,55
52
6,122,151,163
112
135
103
24
265
244
168
130
112
2,5,83,120,143,149,152
156
5,168
40,41,91,254
168
2,6,163,168
7
218
91
146
75,118,120,143,151,152,168,171
7
151,168
3
168
237,272
120
71
164
168
120,122
20
52
143,152
6
6
4,22,93,131,140,155
35
118,136
112,113,162
152
175
6,7
52,55,129
2,5,6,116,152,168
267
127,128,214,241
168
74
124
148,149,168
143,152
116,135
148,168
104,127,128,132
242
34
218
67,153,161
40
163
104,143,152
126
267
83
233
116
233
1,3,5,8,16,17,19,20,22,23
2,4,66,68,117
168
139
38
262
168
168
6,7
169
6,7
169
40
1,68,83,115
114
33,34,35,36,37,38,39,40,41,44
40
133
128
104,110,254,265
91
112
55
55
55,64,124,127,128
168
53,57
103
7
69,111,165,233
132,133
143
91
112
168
55
133
152
6
5,123,126
7,60
2,5
6,72,73,152
168
6,122
107,133,134
2,5,6,127
216,217,218,251
55
211
55,262
168
82
27,28,35,36,37
51
2,4,7,23,24,67,104,108,109,119
149,168
159
168
112
116,117,122,168
2,3,5,6,67,71,73,119,143,149
5,73,164
254
7,121
7
7,121
7,143,149
27,88,221,267
7,118
130
100,139
5
7
57,59,212
55,64,91,116,151,168
55
67
112,139,254
119
168
146,150
7,112,168
127
27
5
100,130,230,254
108,109
27
3
136
112,116,168
6
6,71,72,73,163
20,91
71
262
133,148,168
1,72,118,124,144,151,155,170
7,89,90,141,214
269
7
265
7
133
20
124
105
112
2,7,71,124,126
233
112
117
2,6,7
116
116
67
152
67
64,124,133
119
56
147,158,162,168,170,171
149
133
107
175
2
168
91,143,149
119,162,168
55
2
4,6,24,69,163,171
87,88
72
109
168
178,216,237
120,122
267
154
75,148,151,168
122
67,71,131
5,6,71
44,51,53,55,127
134
124,128,151,168,221
127
7
237
6,71,168
141
20,67,149,163,254
75
141
87
72
6
2,3,5,7,120,124,130,134,138,150
135
168
3,5,7,72,108,119,134,138,152
71,72,73,213
149
93,183
2,5,6,73,75
168
71
2,67,104
168
81,102,137,138
168
91
2,6,67,83,107,119,130,148,168
133,233
4
67
137,149,152
72
175
2,6,7,151
73,92,163
126,240,242
116
116,120,122
73,92,163
87,88
100
129,156
233
6,120,254
104
46,51,56,122
6
91
5,6,7
2,124,126,135
90,91,92,93,95,116,117
117
86,87,88
7,33,34,35,36,37,38,39,40,41
15,18
39,116,122
102,218
163,168
41,60,86,89,97
67,143
2
5
5,6,7
75
153,154
115
103,230
103
230
57
230
110,113,123,125,149,151,168
116,117,164
2,5,102,112,139,140,141,142,156
7,107,108,109,110,111,112,114,125,126
254
2,5,116,168
163
67,73
168
120
41,93,119
67,73
24,71,73,89
149
215
184,185,186,187,188,189,190,191,192,193
6,7
141
6,7,108
168,237
171
2,3,4,5,101,134,137
104,119,137,162,176
107
104
143,145,152,162,164
91
112
2,3,5,6,7,72,73
92,93,122
1,73,152
126
6,100,101,103,163
3
168
152
91
103,116,117,118
122
6,92,122,163
52,53,55,60,62,112
90
156,254
55,158
7,148,168
131,140,147,152,155,158,162,168,170
92,122,163
163,168
36,41,56,62,96,165
131
113
171
2,67
7
110
112
119,122
102
72
112
129
6,73,93
127
112
153
146,149,242
55
3,5
103
163
6
2
103,150,161
1,2,5,121
112,151,168
5
149,150
15,21,25,41
73
156,168
168
2,5,132
147,160
18,101,103
5,40,88
6
7
232,267,269
5
6,73,122,163,168
2,6,116,117,120,124,133,168
86,112
91
35,40,168,266
2,67,112,119,120,143
27,116
168
89,141
168
132
168
20
126
163
91
135
91
89
116,122,168
67,74,148,168,254
72
39,165
101
39
168
72,73
119
5
122
6
1,5,110
66,71,74,81,82,83,104,107,108,109
6
216
91,94,116
45
146
102
141
86,91
55
101
20
171
123,127,128
5
148,168
87
2,5,168
6,168
142,180
6
134
7
2,5,67,110,143,144,145,149,152,161
2,7,151,168
168
72,73,74,112,138,151,152,162
2,3,5,6,71,72,73,104,108,110
126,127
103
151
168
124
151
6,7,113
151,152,168
267
4
100
202
91
2,120
103
124,128
115,122,228,262,266
1,2,3,4
152
129,140,141,215,254,272
72,73
168
2,3,5,262
269
153,158
117,118
264
120
6,72,92
267
7
148,168
120
81,82,83,130,134,137,152,168
112,116,149,234
37,73,87,97,102,104,112,116,120,135
133
138
5
149
124,126,127,128
117,120
2
55
163
73,75,149,171
75,136,146
135
2,3,4,5,6,7,8,15,19,38
168
5,116
2,72,74,83,119,120,149
72
218
18,20,23
119,120,122
3,136,150,272
67,100,104,139
15
16,55
18,20
103,146,168
151,168
3,5,6
156
6,73,92,122
93
139
168
4,5,71,151
22,108
2,5,6,112,151,168
81,112,150
262
119,149,205,211,215,254
120
202
2,147,156,158,216
122
91,95
124,151,168
75,150,151,161,162,168
214,233
133
66,68,81,82,83,131,140
5,68
252
101
22
52,53,55
116
88
6,91
119
112
117
1,6,8,22,23,24,66,67,68,69
37,86,87,88,94
3
6,121
181,239,264
237
100,139
124
122
72
4,100,101,102,124,126,128,132,134,137
100
2,6,71,72,73,120,122
141,152,266
232
112,113
252
45
170
221,226,228
75,146
126,168,170
82,117,151,168
3,119
55
6,73,151
188
70
7,27,41,81,110,112,113,114,149,153
73
175,178,179,216,234,237,242
155
168
168
120
3
163
91
146
152
7,89,95,96,97,98
151,168
27,176,202
7,116,168
194
2,5,6,64,65,119,120,122,144,153
24,103,105
192,203,206,214,216,247,265,268
140,141
6
38,267
41,60
5
103
163
103
6,73
138
226,254
152
119,120,121
40
23,140
6
6,112,118,122
6
102
145,153,179,180,216,272
73
7,71,93
8
124,125,126,127,128,130,138,140,214
82
168
124
72,73
117
142
72,163
6
143
143,148
53
168
3,5,81,116,155
256,266
151,168
6,73,163
55
86
5
67,73
95,97
127,128
159
241
140
34
118,150,171
133
116
262
3,6
67,73
82
265
149,168
69,165
5
141,146,153
112
134
229
53
168
120,122
107
53,142
71
119
254
55
87,88,91
116
124
127
35
3,5,148,151,168
104
60
3,119
6,72
104,109,119
75
168
5,67,71,75,116,117,151,152,168
64,89,151,156
41
191
151,168
5,53,112
138,143,148,152,168
27
112,113
40,41,168
38,100,141,194,195,234,266
126
163
53
72
112
143,149
5,6,7,73
53
216
103
121
67
146
7,124,151
216
176
27
40,127
27
116
132
8
120
91
6
164
168
4,5,22,131,138
124,168
58,59,115,163,252,262
75,108,117,134,151,168
202
41
103,116,122
168
127
109,112,120,143,144,152,160
6,233
262
168
88,91,156
161
112
139
57
163
168
6
120,122
141
234,272
97
2,6,107,111,121,122
24
23,92,93
116,117,119
130
38
65,112
133,134
5
6
24
62,89
112
60,91
148,168
7
65
168
89,233
132
2,4,34,38
92,93
227
168
5,6,37,65,241,262,272
2,3,5,6,20,37,67,71,73,126
51
7
130,135,139
168
6,122
2,7
64
132,176,183
140,141
112
155
2,3,5,6,23,67,71,72,73,81
168
155
119
119,151,158,162
133,264
151,171
67
93
161,163
126
2,6,7,67,73,124,126,128
4
17,22,23,71,73,105,120,122,135
67
133,134,135
74,126,148,168
148,168
16,153
168
146
5,6,7,116,122,163
155
20
139
179
67,73
149
168
40,94
116
6,73,120,122
163
37,261,262
72
241
2,149
7,74,149,168
124
168
67,71,73
168
87
73,218
229
168
149,214
97
233
202
117,118,122,146
2,6,143,152
120
120
2,5,104,112,162
5,152
144,146,164,168
73,97,237
124
262
73
142
2,6,73,116
168
149
32
2,5,70,73,81,83,135,136,145,148
127
143,149
194,236
102
39,52
92,122,163
143,148,151,152,168
3,5,112,113,153,156,157
6,55
2,4,22,23,24,130,135,140,242
119,158,162,254
233
183
163
6,73,92,93,122,163
44
5
2,4,68,71,81,117,119,136
128
152
158
5
104,156
146,149
52
2,7
20,67,149
83
112
148,168
2,6,72,73
262
5,64,65,112,143,148,151,152,153,154
8,32
88
119,120,121
21,24
86,89
27,168
41
164
67,73,119
160
120,121
127
88,91
73
132,134
120,122
233,237
68,108,110,149,164
2,3,5,6,7,82,101,103,112,116
2,143,152
72
2,6,141
168
135
134
218
41
112,113
6,73,92,122,149
149
237
6,7
180,218
152
129
39,41,93
73,92
39
39,45
168
4,138
92,93
168
71,72,73,114,155,163
254
265
141,142
6,7
150
72,73,104,105,113,141
67,73
5
4,68,71,75,117,119
158
119,121,122
112
150
73
72,73,101,132,133,134,138
168
148,168
217
151,168
72
103,237
15,22
141,142
128
115
233,254
5,6,7
5,6,135,143,148,168
126
120
141
117
103
118,158
222
41
67
128
244
67,72,73
112
101,103
20,22,23
6,101,102,103
2,7
83
170
4,5
75,117
233,236
6,7,116
168
202
93,141
27
168
141
265
67
27,89
66
2
110
6
5,71,73
203,242
112,132,133
130
75
104,119,162
3
68,71,75,119
7
168
86,91
132,133
2,66,73,122,148,213
2,5,6,112
52
5,66,67,71,72,75,92,144,149,151
163
5
89
236,244
1,2,104,119,155,158
133
143
143
92,121
6,7
112
120
2,5,6,67,73,119,143
148,168
142
54
168
2,5,131,134,136,138,151,168
67
5,101,130,134,143,145,149,164
168
134,138
7
111
101,103
112,168
89,115
72,213
45
168
6,124,126
88
2,3,5,6,120,122,143,149,152
67
1
104,120
143
119,167
168,254
72,73
5
141
22
6,72,73,92,122,163
194
6,122
44,52,55,103,148,151,163,168,218,254
2,7,151,168
6
143
5,112,120,122,163,168
92,93
2,5,6,23,73,103,107,116,117,120
168
60
75,152
103,110,124,139,168,262
112,116,151,168
233
161
262
116,141
170
103,124,126,127,128
148,168
163,218
117,122
67
102
2,3,5
7
168
91
116
6,73,92,122
143
7,132
140,141,267
161
131
254
22,23,24
143,149
104,124,126,135
127
254
116
149
89
126
120,121,122,126,132,135
92,120,122
120
175,179,202,203,234,237,272
20,67
6,7
6,92,93,104,122,203,264
71
167,168
232,237
149
168
67
267
118,151
20,67,73,168
262
71
72,73
110,113,146,150
1,3,5,7,8,17,19,20,23,28
5
149
116,117
6,163
3,4,22,71,72,118,121,131,135,136
128
168
120
155,162,164,170
3,4,5,81,82,83,110,118,119,121
124,127,128
124
164
3,5,7,8,17,19,20,23,28,67
55,56,57,91,116,117,121,122,151,168
55
261
168
2,5,149
236,273
7
163
7
5
7
178,179,180,181,193,199,200,201,202,203
7,168
127
60
139
82
138,230
112
2,6
262
103,151,168
6
5
71,124,126,127
97,171,254
237
2
73,116
163
5,117,120,152
7,72
241
168
108,110,200,206,208
164
119,120,158,162,168
115
27,41,53,89,125
112
7,133
114
44,51,53
116,151,168
175
6,122,163
73
202,269
20,213
91
7,72,122,254
158,168
103,128
262
93
146
2,3,5,7,139,151,152,153
149
130,132
60
89
67,119,120,122,149,168
148,152,168
71
2,3,5,6,7,66,68,112,116,117
115,165
3,5,6,73,92,93,122,163
44
91,254,267
6
133
41
2,5,6
3,129,131
60
15,16,20
127,128
1,121,128,139,142
267
2
133,134,142
153,154
138
202,266
20,40
132,147,149,151,175,202,264
75
131,132,136
233
59
141
6
119,122,149
2,5,6,7,73,104,108,110,113,118
139
7,124
103
71
116
2,6,7,168,202
262
162
18,38
81
7
262
116
138,142
141,142
67
232
112,116,126
213,218
53,62,65,168
5,141,142
148,168
127
75,119,120,135,146,152,164,170
75,120,122
107,111
2,3,5,7,72,73,81,82,100,104
2,6,122
164
67,73,74,75,81,82,83,117,118,119
2,6
5,149
57
179,203,244,254,265
44,60
116
91,100,104,105,108,110,111,113,124,126
141
149,262
142
2,5,67,72,74,75,104,113,118,119
6,141,241
138
75,143,152
73,92,93
140,202
73,92,120,121,122,163
122
102
22,23
148,168
5,71,92,105,120,134,138
237
112
122
4,136
89
149
73,105
112
141
1,2,7,74,75,103,116,119,122,130
110
2,5,101,102,112,116,120,122,133,138
44,51,56,60
72
139
233
67,122
15,75,152
72,73
168
3,5,6,7
120
149
7
6,7
7
143,148,161,163,168,171
163,168
128
88
5
141
5
39
2,5,6,116,120,122,148,168
51
2,5,6,146,162,168
115
151,168
83
168
6,128,163,168
134
101
5
133,135
230
132
133,141,180
2,5
20,23,27,86,87,88,89
103,138,148,171
123,126,127
142
6,73,92,122,163
168
4
119,120,121,122,130,135,139,143,144,150
126,127,128
7
6,122
81,143,149,152
124
135
136
73,75
5
143,151,152
317
304,308,312,313,318,328
308,312,313,317
297
348
6,7,71,135,148,163,168
340
22,191,198,233,236,255,299
126
2,5,120,122,228,309,315,345,346,347
168
149,168
116
142
103
264,298
103
2,5,6,7,88,102,104,116,134,138
225
300
301
128,233,308,311,313,345,346
3,15,91,229
319
4,298
116,122
71
149
59,60
202
101,102
72
148,168,308
151,152,168
301
103
7
116,168
175
301
217
262
56,62
140,254
161
142
148,168,202,264
328
67,73
72,287,289
177
71,72,110,116,150,308,315,318,320
122
73
41,103,141,309
315
103
124,156,171
143
140
112,113
112,116,120,122,168
5,64,128
103,265
168,301
107,130
148,168
5,7
13,328,347
45
72,73,122,298,301
2,6,7
234
312
126
5,6,27,36,41,55,64,101,103,124
6,7,300
83,154
57,244,267,310,315
117,316
305,306,308,309,310,323,324,327,337
72,73,74
88,314
68,79,80,132,254,311,315
103,135,254
136,139
15,16,18,20,86,87,89,91,108,110
118,155
6,124,125,138
41,138,141
5,112,133
57,103,104,168
150
55
102,132,133,247,249,300
7,127,191,230,329,330,331,333,335,336
37,38,53,72,117,119,128,141,203,215
7
112
163
217
128
254
1,312
237,238,239,240,241,242,243,244,273,274
233
57
6,122,301
140,216,218,323
112
132
16,94,166
300,316
6,143,149,152
120
323,325,326,327
168
2,7,149,168
87,120,122,216,305,309,311,314,315,316
149,152,168,347
53
168
126
103
175
16,27,89,233
146,157
135,136,140,168
151,168
60
2,5
1,83,113
20,27,28
101,103,112
103,112
299
2,5,202
305,308,310
298,299,301
73,116,119,151,168
7
7,75
5
142
5,104,112
163
7
7,67,86,143,149,301,336
127
305,306,307,308,309,310,311,312,314,315
102
310
7
4,168,299,310
2,3,5,6,8,16,20,21,22,23
224,262
32,44,45,52,53,56,57,72,73
297,298,299,301,310,311,315
5
306,307,311,315,317,320,345
7,163
6,122,163,301
334
307,315
2,6,7,112,116,168
101,103,128,138
7,71
3,5,6,72,73,122,126,129,131,134
68,75
143,146,161,165,171
53
310
60
25,27,73,92,129,135,138,150,215,219
57
2,230,305,306,309,310
233
308,345,347
2,5,7,126
149
168
116
347
101
168
140
312
168
81,116,122,315
7
71
156,218
161
262
143,149
160,316
193
94,118,142
40
7,165
6
297
5
75,132
68,72,73,81
156,180
104,123,124,125,126,127
7
44,74,118,120,158,163
116
52,262,328,346,347
7
2,3,5,6,7
5
5,112,304,310,315,316,345
308
305,307,319
130
321
305,310,314,315,318,345,346,348
262,319
55
132
5,6,41,65,91,112,115,133,143,152
124,168
122
39,41,60,86,89,90,101
325,326
67
41,60,152,221
110
5,168
2
2,3,5,74,75,81,82,104,112,113
2,6
103,139
66
218
7,152
149,152
254
149
233
88,233,297,299
7,116,120,122
237,252
143,152
53,168,217
2,3,5,112,116,117,148,149,168
2,3,5,6,7,67,117,120,122,143
141,142
135
254
73,310,315
72,163,301
2,320
310,315
7,67,68,71,73,81,83,116,126,129
119
3,4,7,22,129,136,140,148,300,310
128,151,310
126,127,128
137
150,167
306,311,314,315
145,161
6,112,308,311,313,314,315
299
7,320
5,137
168
2,6,7,124,126
7
312
149
116,134
127
6
116,117,155,158
6,7
143,149,152
103
67,126,127,139
2,5,108,117,136,308,317
321
2,7,71,73,108,110,113,123,124,125
6,73
5,71,88,89,90,215,298,301,308,310
45
242
5
1,2,3,5,10,11,12,71,81,82
86,88
73
262
6,301
142,168
110,298
126
318,319
67,116,122,152,168,301
203,252
126,127,183
328
13,116,315
237,244
75,151,168,254
320
315
87,183
116,131,136,137
2,3,5,6,72,73,148,151,168
5,22,305,316
148,168
151,168
35,127
116
254
142
2,5,7,298,300,307,308,310,315
168
157
3,5,8,168,299,310,316
11,311
2,3,5,6,7,126,127,152,233,234
105
92,93,301
140
106,107,108,112,148,168
164
2,6
132
2,3,5,6,7,13,152
265
67,73,74,81,82,117,118,119,120,122
7,149,183,297,298,299,300,301,302,303
2,5,6,71,72,73,298,299,301
152
305,310
2,5,143
73,75,120
81,82,83,140,141,153
5
6
2,6,66,74,114,127,148
139
120
103
60
112
88,89,91,97,328,330
2,124,143,152,299
122
120
168
142
59,60,341
2
319
127,168,315
168
119
119,316
163
6,72,122,163,233,301,318
35,86,88,95
148,168
3,5
233
116
88
310
124,127
139
92
304,305
130
5,7,22,23,93,103,105,108,131,135
106
7,72,92,93,99,104,105,113,130,135
254
168
119,124,129,130,134,135,136,138,140,319
7
6,7,13,72,73
230
146,147
142
152
2,3,4,5,6,141,148,151,168,300
301
28,86,326
132,135
93
100,103,228
51,52,62,262
16,305,310
67,73,140
116
2,3,5,6,7,143,148,149,152,168
7
20
315
265
196,197,198,229
2,104,135,170
6,139,141
101,317
92,105,120,122,149,234,235
7,344
143,152
119,120,122,168,316
120,321
112
2,120,310,315
297
310
7,175
112
2,6,7
71,72
209
242
2,6,7,118,119,120,122,298,300,301
73,101,102,103,106,143,168
2,5,6,151,168,316,318,319
40
73
53
143
7
2,71,119,140,149,317,320,321
146,156,171
107
73
112,113,114,118,152,153
102
161,316,317
55
107
6,321
124
310
2,5,148,168
211,230
151,168
6,79,103,241
318
136,168,297,299,300
151,168
2,3,5,6,73
168
168
143
185
150,152
5,116,138,140,142
163
177,215,224,232,245,254,262,267
125
6
116,168
168
216
7
23,24,116,117,168
150
146,152
348
24
146,321
135
116,237
7
67
168
7
4,300
168
168
1
7
262
272,289,299
5,116
5
2,6,67,112,116,152,168
120,122
124
124,126,139
117
5,143,152
328,338
218
254
305
6
111
120,122
108,132,317,320
168
22,73,136,140,301
138
131,142
141
116,168
152,170
152,158,162,164,167,314
168
5,82,105
7,168
7,88
4,6,24,71,81,119,120,149,152,311
2,6,73,112,116,117,120,122,152,168
112,113
5,7,168
2,6,163
72,92,93,318
314
75,310,315
315
53,213
5,116,168,297
301
150
71,74,113,317,320
116,117,122,151,170
2,5,57,161
126,127
202
168
298
262
21
13
35,64,126
87
23,105,114,300
1,2,5,6,7,15,16,18,20,27
2,5,124,126,151,168
6,73,299,301
151,168
103
2,5,116
168,299,301,328,329,330,333,335,336,337
120,122
146,161
87,93,112
142
254,326
101,103
168
151,168
310,324,328
143,149
15
132
1,2,3,5,6,16,25,27,39,40
107,108,109,110,111,113,114,305,309,310
245
106
5,112,168
348
154,157
140
66,68,73,81,83,116,129,136,301,318
5
155,156
93
300
70
180,181,252,261,262
6,7,103,152
6,72,73,93,122,163,301,318
305
7
2,306,315
148,168
281,296
104,143,146,149,150,152,161
318
299
149
151,168
59
148,151,168
148,168
2,3,5,183
112,116
143
164
168
305
122,163
20,23
7
14,16,17,20,25,41,153,159,161,166
132,139
2
41,68,112,126,127,156
2
67
348
101,132,134,135
81
7
52,237
141
253,266,272
146,305,308,310
138,298,300
305
5,22,105,129,136,149,311,315,317
105,130,142
67,73,100,126,127,143,149,242
22,136,140
112,151
98
112,153,156
82,123,124,127,149
134
139
308,314
146,149,150,328
7
317
4,5,124,132,135,139,143,149,152,298
163
168
122
316
148,168
2,117,310,316
167
218
2,7
289
150
103,119,134,162,316,319
2,5,6,7,71,73,74,75,101,113
143,148,168
318
218,254,272
112,143,152
146
148,168
133,134
53,65,150
262
57,60,63,141
51,53,60
299
149
202,298
148,149,168
140
5
149
2,5,7
143,171
7
168,169
6,72,73,301,318
7
1,3,4,11,73,105,123,136,140,152
141
67
140
91
143,149,152
7,148,168
320
71,72,300,301
4,23,131,136,140,297
2,6,7,75,110,117,119,120,122,124
168
298
3,5,6
2,5,6
116,122
143,152
216
7
149,168
120
7
216
2,298
99,101,103,132,134,141
168
6,126,128,306,310,311,315
4,71,132
306,310,317,320
86,88
289
7,108,109,110
151,168
146
72,74,143,150,152
308
4,5,7,67,102,104,120,134,135,136
67
52,62,218,310
152
103,298,299,300,301
100,218
317
163
72,73
148,149,168
32,339
305
44,45
5,213,232
139
200,221
168
89,92,97,133,177,254,269,310
230
143,152
6
110,113,168,306,311,315
168
7,318
267
2,5,133,140,141,142,149,151,168
316,318
318
266,267,305,316
126
140
152
2,5,6,7,116,122
67,73
298
2,7
91
44,45,56
317
300
7,112,315
103
67
112,148,168
307,311,315
103,297,299
67
2,168
315
60
7,116
67
73
100,103,105,160
5,150,152,168,319,323,325
67
316
143
79
75
67,73
315
128
203
6
113,114,115,141,153,155,156
314
310,315,345,346,347,348
39
146,306,310
146,161
7,118,142,151
267
262
2,3,5,7,145,149,152
151
16,113,146,305,308,319
346,347
328
168
315
6
133
143,148,152,168
110
262
112
233
67,143
117,118,119,120,150,171
20,99,103,104,105
119,122
311,312
44,312
262
6,163,168
297,298,299,301
4
7,13,129,135
20
112
161,168
267,268,269,270
143,152
112
6,7,126,152,242,244
104,140
310
2,6,72,103,135,138,267
20
105,324,325
262
308,314,315,316,319,336,345
99,103
305,307,311,314,315
176,192
216
67
159
149
27,327
176,265
242
347
158
180
7
262
72,73,92,93,151,163,298,301,318
112,168
168
3,66,72,73,83,113,118,157,163,318
164
2,5,7,71,72,73,74,299,301,310
314
262
79
126,254
272
310
305
41
267
305
122
301
301
152,309,310,314,315,319,320
139
146,161
82
23
233
89
345,346,347,348
100,104,105,106
316,319
310,345,346,347,348
127
139
344
123,124,126,127
5,6,72,73,120,130,163,168,301,310
5,27,142
116,120,122,305,306
167
168
310,315
339
305,306,307,308,309,310,311,312,314,315
326,329
146,150,157
60
2,3,5,7,73,120,143,148,152,163
5,230,307,308,309,314,318,320,325,326
202
99,103,233
112,141,153,218
319,320,321,345,346,347,348
95,262
15,17,19
27,337
305,306,307,308,310,311,312,314,315
41,142,153,156,176,218
52,55,79,146,149,168,305,306,307,308
110
128
242,243,244,273,274
67
67
20,21,22,303
337
133
103
103
68,71,74,75,81,82,83,118,119,311
242,243,273,274
73,163
324,325,326,327
140
67
113,213,235,251,327
6,112
67
110
171
75
132,134
116
310,315,318
152,161,163,168
112,153
115,336
175
133
237,242,264,267
79
135
110
55
150,310
310
65
168
161,316
73
130
316,318
67,69,70,73,298,301
55,62,193,264
315
7
7,151,163
92
161
117,120,122,214,252,262,272
120,299,310,315,316
24,55
112,115
218
52,56,241
3,5,135
62,65
27,37,49,267
198,206,236,240,255,256
37
317,320,321
6,72,73,318
237,254,266
2,5,6,116,117,120,122,130,131,136
15,21,83,115,302
262
327
65,79
23
37,49,337
168
41,112,141,266
75,148,168
120,321
41,112,141,266
62,103,241
62,103,241
255,256
133
132
168
112,113,114,153
56
67
303
73,75
67
51,56
87
91,94,132,133
318
6,72,138,179
299,302,303
74,143,146,149,150,152
152
72
133
27,37,38,335
2,6,7,134
333
62,65
37,38,262,332,337
203,216,217,233
37,337
62,103,241
133
99
91,127
312
67
41,45
62,103,241
120
168
62,65
303,308
7,22,23,24,101,103,105,299,301,303
38
299
44,45,53,339,340,341,342
242
92
317,320,321
233
104,149,347
310,315
194,234
112
116
103
233,242
346
103,132,133,141,176
119,162
5,162,163,320
166
41,112,141,266
55,89
7,254
7,218
41,112,141,266
2,310
141,316,317,318
2,3,4,5,6,7,73,92,93,120
171
88,124
337
134,136,140
262
2,7
133
56,67,112,116,146,152,168,305,345
100,106
72,122,301
41,112,141,266
62,103,241
233,319
2,5,6
5
136
254
72,73
15,163
146
147,156,157,158
295
143,306,310,320,345,346
146,147,150,156,157,158
237
146
146
193,196,197,198
5
2,143,152
168,306,308,309,311,312
149,345
103,141,161
301
103,316,317,321
7,71,73
146
267
328,343
52
67,143
54,59
146
146
146,147,157
41,112,141,266
62,103,241
105,107,110,112,113
130
99,103,176,191,218,251,255,266
315
94
329,342,344
130,135
39,41,88,178,192,202,237,243,266,267
139
262
264,317
107
230
103,234,235,237,254,267
27
120,122
337
171
286,289
27
86,87,88,254
120,122
139
175,233,264
328,329,330,331,333,343
60
310
22,23
328,341
41,112,141,266
62,103,241
2,3,5,6,7,71,72,73,75,92
27
153,316
6
124,135
91
189
105,304,316,319,327
119,149,155,158,171,316,319
312
13,73,99,101,102,103,107,124,125,126
6,73,301
168,202
152
176
2,3,5,6,67,73,107,108,119,122
321
139
87,88,89,90,103,116,127,141,142,175
347
103
20,22
7
99,103,108,109,320
74,143,151,152,168,310,315,346
135,140,141,142
301
144,151,160,162,164
7,73,120,122,299,301
307,310,316,317,318
168
305,306,314,315,316,318,348
175
103
2,5,7,73,79,152
112
304
7
103,141
5
137
133,233
158
2,5,7
168
75
155
230
310
142
298
7
104,117,120
307,308,315
306,311,314,327
92,105,140
265
2,6
216
328,329,330,336,341,344
98,101,102,104,105,163
81,140
78
7
45,86,88,91
136,138,142,151
127,128,134,138,254
140
79
193
241,262
44,53,72,73,152,221,241,254
67
98
133,139,215
265
122
99,103
262
112
74,132,137
216,217,218
41
133
16,334
55,97,125,128,132
119
59,65,71,168
5
143
124
5
60
103,135
5
2,5,6,7
149
2,6,72,116,122,168
64
320
310
127
176,266,305,315,338,340,342
315
141
64
5,6,32,41,45,51,55,56,60,79
328
342
7
7
315
2,17,178
5,27,154,157,321
310,311,315
318,320
44,45,55,64,105
73
7,56
304,306
65
38,89
73,301,318
60
74
73,89,122
73,122
2
315
304
6,7,71,73,120,122,301,318,319
122,298,299,301
92,93,310
37,97,323,325,327,328,329,330,333,342
115,165,254,267
65,344
270
72,73,120,122
149,168
315
124
315
112,156
286
5
315
71
2,6,7,135
163
149
101,103,140
6,301
92
170
164,169
33,35,98
161,164
138
306,311,315
140
87,334
347
7
72,92,93
301
150
89,90
310,317
120,315
333
165
71
5,6,72,73,92,93,116,122,168,301
68,131
185,186,301
73,92,122,301
5
237,238,239,240,242,264
7
5
168
4,5,24,110,298
150,305,310
103
2,5,6,163,168,298,301
104,164
116,117,139,142,168,328,329,330,331,332
103
101,143,310,315
41,89
5,6,27,62,79,118,120,122,124,128
95
53,79
15,16,20,27
163
32,44,56,57,58
112,113,153,156,315
328
113
233
168
333
52,75,114,160,165,302
65
32,44
140
2,3,5,138,233,253,271,272
15,16,41,45,71,74,82,84,87,92
120,299,300
112
116,168
24,37
306
6,7,73,299
7,73
308
137
7
310
103,210,232
67
101,110
41
120,124,126
332
170
164
91
5,71,73,112,116,120,122,148,151,168
132,312,313,320,321
2,3,5,6,7,105,119,120,122,129
1,83,108,110,151
73
5,7,117,118,119,120
163
116,117,118,119,120,122,306,311,315
310
6,152,168
154,156
2,3,7,107,146,162,310
146
118,120,122
37,64,65
295,296
112
328,329,336
152
321
89,91,175
90,126,127,145,149,324,348
149,152
301
59,110
119
286
112
146
132,262
150,175,184,191,214,218
126
315
2,5,6,7,72,73,92,122,151,163
7,285
92,93,122,163,318
144,164
328
3,5,68,142,298
215,254,310,315
5,168
3,23,24,141,158
56
72,73,287,289,294
39
124,127,128,132,133
119,146
71,73
310
83,118,138,140,141,156
3,5,103,113,118,140,141
2,5,7,120,130,134,152,299,303,304
175
131
3,6,140,141
7,318
74,310
92
199,253,271,272
6,72,73,122
315
161,255,256
38,39,41,325
269
5
146
73
2,5
310,315
1,3,118,119
6,72,73,92,93,163,301,318
97,141,330
124,126
7
83
101
150
305
315
7,73,93,103,120,122,301,310,318
310,315
168
23,24
124
82,118
262,310,315,328,347
99,101,102,103,156
65,315
32
133
6,135,163,254
81
86,89,152
102,134
65,315
2,116
93
116
233
67
99,101,140,300
141
72,96,140
236
71,72
7
89,111
301
87
98
2,72,118,168,303,310,315
2,6,53,72,124,128,138,158,183,306
310
328,331
129,168
2,4,6,71,72,73,103,125,129,136
8,44,45,56,59,71,155,285,305,316
6,7,73,122,301
155
6,73,92,122,301
134,138
141,142,168,237,328,330,331
41,151,168
301
6,71,72,73,88,101,118,129,131,135
4,7,101,116,124,140,152,155,298
72
135,140
163
315
2,310
141
307,308,345,347
140
2,72,158,188,255,256,310,315
13
328,331
315
142,315
310
6,119,324
5
202
6,318
306,315
310
44,57,59
73,318
116,171
44,51,59,60
112,141
72,73,315
103
131,136,140,304,316
321
104,139,218
10,22,71,104,107,112,113,119,136,140
103
2,6,13,127,143,149,152,266,300
6,7,8,13,73,122,299,301
4,114,119,120,122,145,151,152,161,168
134
149
7,13,71,72,299,301
163
315
98
56
6,73,92,122,298,301
136,140
6,7,71,73,93,152,168,310,311,315
7,73,120
23,320
41
2,6,7,92,93,122,299,301
315
316,319,326
5
310
158
163
315
112,141
2,5,162
5
328,330,331,333
72,301
7,15,16,41,71,103,104,135,139,140
72,73,103,262,318
218
3
3,5,73,298,310
35
15,20,21,22,323
301
2,67,143
149
73,108,300
2,3,5,103,104,116,119,120,141,148
234,299,310
325,326
310
72,73,120,148
138
2,7
3,152,158,345
103,141
306,315
315
146,308,310
101,132,134,138
151,167,233
110,129,130,135,136,140,150,155,304
7
22,112
6,72,73,92,93,100,122,163,299,301
306,315
4,22,23,24,135,136,300
7,138,310
116
5,73,74
41
133,215,254,262,264
92,93
151,254,301
171
4,22,23,72,73,103,131,133,136,142
73,93,122,301,318
6,122,163,301,318
60,63,89
15,20,23,36,39,41,53,55,64,65
307,310,315,345,347
5
126
140,142
92,93
168,170
315
81,82,105,120,149,317
23,24,136,140
163
72,73,301
189,212
134,138
305
118,143,145,306,310,320
116,168
6,7
134
310,311
7,13,72,93,99,103,132,134,163,254
6,72,73,122,299,301
86
161
315
73
118,119,122,306,310,315
126
315
306,310,315
126,127,203,233
97
118
315
110,145,150,171
133
116,168
168
92
148,168
94
2,168
310
3,5,7,101,103,254
60,112,116,332
5,6
7
5,6,7,71,72,73,75,151,163
5
2,3,5,6,67,71,73,148,151,163
138,155
5,106,119,135,150,297,299,300
153
2,7,315
27
139
71,134,138
5
136
101,300
306,315
5,101,138
315
5
310
1,104,114,140,304
120
5
72
315
127
150,161
6,72,73,92,93,122,263,286,287,289
306,310,311,314,315
269
310,315
298,299,301
315
168
254
104,105,310,311,315,316,317,318,319,320
99,132,133
2,7,139,306,310,315
67,310,311,315
112
45
318
2
53,54,55,57,64,65,189
168
140
4,23,103
5
7
315
310,311,315
7,72,163
54,337
101,134
315
168
141
5,81,101,102,103,120,130,131,134,135
298
2,5,6,7
305,316,318,319
3,66,118,155,156,158,316
157
164,301
140,141
310
119
83
2,6,7
24,72
81
73
330,333
7,13
310
74
2,3,5,6,41,103,139,151,167,168
2,13,23,97,119,122,139,140,157,168
120
16,111,115,165,202,203,229,284
315
2,6,7,67,73,82,110,116,117,168
120,301
6,131,163,299,318
38,310,315
24,37,45,55
124,126
89,341,342,343
40,41,90,95,98,329,331,332,333,334
51,52
68
328
2,5,6,311,347
57,171
2,3,5,22,130,131,136,151,168,237
164,219
107
6
104
2,104
157,310
244
6,71,72,73,221
152
316,318,320
242,244,273
306,310
306,310,315
138,148,152,168,212
168
52,55
100
306,311
310
315
7
56
103,133,314
111
299
310,315
171
163
83,112
6,138
117,307,309
73
2,5,92,134
82,315
315
103
116
73,136
55,64,65
119
6,301
110
202,306,311
103,141,218
161
6,72,92
122
122
112,113,180,218
118
7
164
89,112
315
157
2,6
6,120,122,148,151,168,297,300,301
7,99,101,103
111
116
262
126,140,318
233,262
86,89,90,96,97,330,332,333
112,113,114,130,132,133,134,135,138,140
103,104
5
6,41,73,116,120,122,304,305,310,315
310
153
93
164
306,311
74,120
7,310
310,315
146,168
103
316,318
326
22,23,24
53
2,7,306,310,315
7,122,298,305,310
133,148,168
22,129,297
3,157,218
72,73,163
318,329,331
152,163
315
146,310,315,328
7
64,68,267
143,149
23
149
143,149
148,168
5
16,27,103,137,233,237,245,254,269
141
75
314,315
315
2
5,112,116,133,168
317
315
5
255
310
7
312
95,329,330,331,333
149
306,311,314,347
310
328,329,331,332,333,334,335
311,315
132,133
112
315
143
103
317
5,168,310,345
86,254,322,327
15,17,20,21,22,23,25,27,39,41
146,307,315
102
128
115,153,156,218
304,310
104,119,151,162,317
2,5,7,108,304,305,307,308,315,316
202
315
5,316
133
6,103
336
7,37
93,318
7
94,332
161
99,105
148
146
146,149,171,316,321
7,72,73,120,122,151,163,298,299,301
146
149
55,79
315
141
41
6,72,73,92,93,122,163,299,301,318
159,165,326
310,315
102
120,133
99
24
146,328
7,13,285
180
300
41,60
310
5,119,155,202,301,305,316,318
112
254
6,52,53,64,65,91,241,267,310
164
100
106,325
41
41
120
315
7,316,319
116
168
67,150,157,158
306,315
7,81,83,116,168,310,315
2,7,310
164
5
315
78,100,103,119,130,299,318
315
22,118,122,345
65,189
74,118,156
89
145,161,311
156
104,155,158,164,316
202,219,265
92,163
168,318
14,36,38,39,40,41,42,43,60,86
5,299,310
108,110
310,319
305
319
167
141
41,89,310,323
310
136,161
7,95,97,119,152,331
97,98
70,179,268
324,325,327
112,302
306,315
272
321,323,325
310,311,315
152
132
103
73
64,310,315
309
310
122
316,317,318,320
168,192
336
79,80,147,167
20,22,70,299
101,138
254
316
2
317
306,315
99,103
99,101,104,105
310
214,265,316
44,53
41,72
119
2,7
234
262,266
7,305,307,310
5
59
18
141,142
103,310
101,103
89
103
89
38
148
128
212
235
112
267,339
25,27,89,310,315,332
3,5,6,328,330,335,336,337
91
18,41,104,158,168,170,316,318
119
55
55
315,317,320
89
1
32,57
2,3
319
110
315
233,234
241,254,300
139,328
310
77
6,7,72,139,151,168,310
333
312
53,54
154,161
24,37
321
66,67,74
23,99,101,103
152,306,310,311,312,314,315,345,346,347
16,20,21,37,71,87,105,106,119,129
41,103,326
254
56
95,329
310,315,345,346
44,45,52,56
310
215
88
168,310
310
7,117,136,236
170
24,37
317,320
116,117
315
7
164
2,5,135,139,265
22
112
53,127,322,335
7
315
24,37,44,65
22,24,27,131,136,162,168
328
32
168
6,122,301,318
307
233
168
116
38,325
24,175
168
326
328
237
3,66,113,114,153
315
310,315
24,37
136
141
237
151,168
71,72,73,298,299,301,303,329
5,27,41,60,89,103,112,115,116,139
328,330,334
171
24,37
104,310,316
112,119,122,301
176,266
18
116,117,122,315
89
73
82
310
68,129,136,310
255
319
307
133
306,310
110
312,320
49,337
103,132
312
5
72,73,92,93,318
7,135,285
2,73,74
310,311,315
315
168
328,330,333
2,5
72,73,152
325,327
5
138
310,315
7,142
133
333
218
52
306,310
5,6,7,13,92
59
41
156
306,310,311,315,345
5,310
6,104,299
53
102
32
306
160
310
2
298,299,300,302,303,306,310
307,310
6,15,16,20,41,318,326,327
122
146
311,315
57,330,333
176
168
16,141,326
116,117,120,310
298,301
6,7
150
315
310
255,256
6,7,139,141
310
151,310
161
6,13,96,97,98,141,326
2,60,67,72,73,158,310,315
160,161
183,218,251,265
141
127,140,141,214
305
315
24
168
301,315
345
6,73,163
169
110
242
112
5
242
219,232,254
72,73,301
41
7
72,73
3
317,321
132,133,139
22,103
245
103,132,141
310,315
315
2,5,7,103,148,163,168,233
72,73,315
53,62
2,7,20,35,40,67,71,78,88,91
163
72,112,116,221,289
332,333
315
117
41
149
32,37,38,39,41,44,45,46,51,52
143,159,160,166
110,321
1,2,3,4,5,6,7,8,10,11
153
1,2,3,4,5,6,7,8,10,11
5,73
28,33,34,35,36,38,39,40,41,86
2,3,5,6,7,15,16,20,21,22
112
41,209
82,117,120,122
168
6,7
52
7,151,168,310
241
101
138,254
301,310
165
1,2,3,4,5,6,7,8,10,11
27,123
27
27,41,60
37,332,337
163
178
27,336
55,59
109,316
97,103,152,254
66,112,115,118,140,153,166
337
310,315
337
57
54
168
96
91
123,161
37,80
124,141
41,72,93
98
194
115
64,344
65
112
125
27
72,73,120,122
164
153
60
18,27,41
337
91
71,73,87
103
321
37,151
28,37,260,337
37
306,312
320
27,38,40,41,98
322,336
27,41,337
16,21,115
124
27
72,73,92
317,320,321
154
170
63
166
2,5,41,51,60,88,99,101,103,183
60
71,73,119
241
152
19,34
151,168,315
72
1,3,4,7,13,16,22,23,24,32
74
52,53
311,315
32,212
55,79
123,125,127
115,151,165,166
37,126,337
38,322,326
37,39,49,337
54
54,344
23,24,142
46
77,97,232
54
37
60
254
28
327
114,115
18,28
117,143,315,346
32,37,49,125,337,344
104,162,170,316,320,321
6,34,36,37,38,40,42,44,51,52
141
37
322
71
27,41
71
34,37,60,96,336,337
337
27,37,337
38
28,34
35
37,54,337
28
136
52
64,267
60
112
254
209
27,123
18,37,38,112,115,187,336
133
16,115
300
100,133
316
73,75,315
37,49,331,332,333
18,27
79,94,123
166,232
64,87,91,325
54,337
2,5,13,71,81,82,83,84,111,120
133
112,115
110
1,66,82,83,113,114,118,153
32,56,57
22,23,24,68,71,136
133,134,142,320
254
60,91
6,72,79,112,115,124,127,135,138,152
7,72,73
111
315
37,123
54
37,337
91,123
5,6,7,73,122,152,301
87
73,122,163
37,79,115
37
310,315
52,55
4,21,81,82,83,298
16,27,32,34,149
64,87,196
89,91
129,136,305,307
310,321
3,5,81,85,112,155
28
72
41,325
91
103,141,142,298
138
221
315
170
315,345
189
16
27,28,41,175,272
37,95,98,337
54,59,79,80
124,125
65
310
91,165
119,162,170,317
120,122,168,315
73,92
89,123
56,57,59,60
19,38,41
115
103,139,142,310
34
210
73,163
60
126,128
37,337
160,161
301
25,27
73,92
317
5,62,237
28,87,149
309
55
131
1,6,7,14,15,37,38,45,52,53
37,49
267
36
27,37,79
37,112
27,37,337
2,5,6,99,102,254
304,310
91,123
54,60,79
72,73,163,301
36
79,90,187,191,202,209,258,268
94
5,347
91
27,60,96
40,55
55
321
122
28,94,95
37,111,337
149
6,7,56,91,110,254,266
32,52
315
175
79,219
140
2,6
41
6,73,122,301
333
265
89,90,91,333
37,54,56,57,60,337
27,124,126
72,73
146,161,163
236
111,115
335,337
41
51
119
37
32,57
91
27,37,337
45
16,20,115,165,302
53,168,213
39,41
130
126,137
116
67
124
73
115,333
65
337,344
133
310
27,79
104
140,142
74,112,153
79,267
118,140
66,74,276,277
194,336
32,329
146,328
153
54
28,37
168,316
86,90,95,96
87,323,327,330
337
37
116
28,34,37,72,258,335,337
2,6,306,310,311,312,314
55
126
72
60
37,80
7,13,72,73,152,285,289
2,3,5,6,221,241,310,315
72,93
175,202,328
310,315
73
112
27
95
334
163,168
112,115,153,155,158
60,104
72
311,314
337
89
27,336
337
6,72,73
336
32,44,45,52,53,55,56,57
124,129
126
27
237
91
39,92,93,327
54
146
116
156,171
28,38,89
25,27,28,322,324
55
127
33
264,265
67,110
306,308
27
96
126
3,5,6,135,140,141,298
116
20,22,325
72
28,37,111,326
91
37,91,267
328,331
142
315,347
41,171,335,336
116,307,318
129
28,41,322,323,326
34,68,112,115,165,335
132,134
37,337
41,322,323,324,326,327
60,232
90,98,330,337
126
6
32,272,344
37
66,68,74
32,52,54,55,64,77,78
72,112
69,72,73
147,170,233,236
69,70,124
32,315
95
27,28
211
152,168
2,305,306,307,318
52,53,57,80
37,332,337
110
335,336
60
176
94
202,209,211
70,111,189
5,170,310
27,72
18,27
115
60
37
2,5,6,82,310
112
161
37
115,254
115
129
7,72,73,87
41
140
123,126,323
27
64,77,89,189
150
107
141
7
337
320
32,91
324
153
111,115
34
123,128
120
60
337
127,132,134,137
27
153
99,104,119,151,158,162,304,305,348
87
159
335
126
37,49
6,92,289
115
91,126
269
73,318
54
262
37,64,337
83,112
60,126
37
73,254
337
73,301
8,169
32,57
176
129
281
259
310
27,34,60,95,137
337
32,56,57
3,266,282,296
3,7,146,163,328
112
310
254
69,70,91,316,329
163
18,86,98,116,118,175,181,202,207,214
124
91
95,142,153,194,237,305,310
218
32,52,53,54,55,64
67,76,155,158,170
28
7,124,141,142,328,332,334,335,337
37
27,39
187,203,229,237,240,254,258,260,324,327
37
146,171
37,322,324
79,80,88
126,127
16,32,62,141
64,79
115
27,337,344
35,156
2
310
55,72,91,222
337
116
6
312
115,188
73,310
149
28,323
37,259
94
140
102,137,138
103
54
153
79
315
86,88,89
315
33,94,202,329,332
27,90
346,347
72,289
66,118
211
2,141,168,262,298,306,311,312,347
66,68,74,112,158
161,312
69,104
60
60
34,111
2,7,71,72,73
2,41,72,87,93,132,133,142,209,215
102,106,137
1,2,3,4,5,7,10,13,15,22
337
73
54,55,77
269
96
37,327
54
15,68
307
68,113,114,155,157
41
111
87,325
306,310,315
329,333,337
124,126
314
91
27,28,37
91
96
5
219
37,315,337
34,38
19,36,96,189
119,150,310
2,5
96
60
91
143,147
5
133,149,193,198,315
37,163,326
44,60
126
118,120,174,310,315
39,41,98
7,73
60
96
96
73,123,263
318
96
101
66,68,73,155
315
96
72,163,301
54,344
96
304,305
55,87,90,96,141,163
16,38,327
67,123
96
22,104,124,132,134,136,155,299,300,304
124
37
89,142
319
66,68
91
116
96,124
2,103,132,139,267
67,68,74,75,149
6
37,49,90,94,166,337
112,113,135,215
60
73,163,318
167
1,37,196,336,337
33,35,96,337
18,28,327
147,150,171
27
306,312
141
96
120
6
315
55,232
6,14,155,159,165,301
37,322,324
60
27
96
22,130
37,64,96,189
180,264
134
37,49
27
44
102,126,128,137,138
37
126
60
5
151,196
168
99,101,134,138,317
96
152,165
79
89,128
68,117,152,319
310,315
328
337
65
37,132,139
5,151,168
7,103,132,174,179,183,185,187,194,202
37,49
60
319
62,64,65
27
59,62,76,96
96
37,327,337
37
89,90,94
232
126
44,57
116
64
1,2,3,5,66,82,83,116,152,153
54,60
28,96,337
37,115
96
267
95,189
168
37,64,344
37,71,104
18,36,37,40,41,73,111
108
126
115
32,44,45,53,55,57,78,79,339
37
55,96
69,70,96,165
3
189,257,259
37
18
7,120,134
55,77
33,35,337
123,187,188,189
35
60
316
60
178,205
55
41,218,297,299,300,301,303
156
34
162,169
168
44,53,63,194,234,235
54,71,74,310
3,5
45
90,97,329,333,335,336
75,315
116
152
33
87
36,337
37,171,337
96,116,150,156,171
321
156
27,80,116
70
41,99,103,192,269
75,171
28,36,72,88,321
35
104,119,304,305,316
94,330,333
27,34,42,128
128,137
336
189
310,315
152
37,337
156
86,187,188,333
38,324,325
37
60
37
69,108,111
320,321
94,97,329,332
22,71,149
18
166
164
25,69,90,91,94,95,98,111,124,225
2,7,168,310,315
37,46,60,337
124
98
166
337
27,96,112
96
96
2,5,6,101,119,122,143,152,158
257,260
96
44,52,55,63,96,268
124
171
146
115
156
104,111
24,71,318,319,320
41,161
2,3,5,108,109,110,118,119,120,297
115
137,138
18,19,27,41
96
91
96
345
116
322
123,188
19,54
96
89,147
27,37,335,337
131,135,138,151,168,316,319
264
116
56,170,323
113
104,105,136,297
146,188
35
321
89,111,148,149,303
64
41,46,51,325,327,330,333,340,342
34
39,41
96
137,254
28
27
89
70,94,95,98,111
32
13,91,128
69,111,163,168
168,310
124,310,315
60
212
24,32,45,59
96
75
200,202,207
122,152
96,335
33,34,37,60,344
60,91,329,332,333,337
126
4,131
91
27,37
117,157,320
5
241,328,333
185,187,189
57
96
41,60
72,73
36,41
41
2,3,5,306,310,311,315
6,254
73,103
73
91
67,168,188
60
150,310,315
163
123,188
54
28
37,337
5
66,68,74,112
37,69,79,80,111,309,337
223
115
111
267
199,209
112
27,37,93
91
110,145,148,150
27
37
89
27,28,36
38,96,98,326
34,41,110,336
28,38,96,98
95,115,153,154,165
57
237
34,39,115,122,337
54
79
60
27,37,55
315
96,209
310,315
27,38,60,325,327
96
37,335,336
163,166,168,301,310,315,318
151,185
44,54,57
161
104,170
74,168
72
216,265,266,272
72,92,110,254
16,72,73
18,20
314
111
95,329,332,333
27
317
58
87,103,131,327
170
209,320
96
72
118,119
315
71
27,37,49,123,124
132,141
337
126
32,44,52,53,79,80
44,59
44,46,53,54,55,59,60,342,344
95,97,330,337
27
98,333
154
60,86,87,90,97,98,115
28,35,50,96,337
96
32,56
33,35
333
104
126,127
131
267
126
52,62
73
27,161
126,127,128
28,91,96,335
79,267
72
285,289
60
27
7,112,153
126
146,149,171,240
41
112,116
60
18,89
73,93,96,122
28,36,39,41,43
123,126
34
96
6,39,41,87,132,141
67,72,110,118,145,149,299
57,113,114
86,87,96
90,95,96,98,188,332
34
14,86,87,166,302
41
143,152
124
37,38,40,90,91,124,322,336,337
123,188
139,140,142
123,126
161
153,157
91,225
7,8,13,88,104,112,120,122,136,159
126
91,96
60
87,322
261
96
149
240
60,87
67,75,112,154,171
146,298,310
54,344
16,41,115,141
68,75,156
32,56,57,59,78,79
18,28
269
5
27,28,38,41,87
72,111,219,225
18,20,35,41
97
33,37
37
96
232
64
104,117,119,152,158,304,305,310,345
103,132,142
91,96
37,337
41,115
96
60
60
37,54
7,8,13
149
335
34,36,42,99,124,126,324,337
96,127
97
2,73
73,299
6,148,168,306,311,315
41,115,165
123,127
96,111
32,91,127
7,72,83,120,126,149,298,304,305,308
104
45,59
28,34
6,13,72,73,93,103,122,301,318
39
32,44,51,52,53,54,55,57,60,62
28
32
7,72
52
135,170
41
97,111
310,315
176,183,196,217,218
124,125,129
104,105
52,89,90,97,225
6,133,135
15,21,69
64,123,125
55
97
2,10
66,149
41,83,163,219
150
94
151,228
2,143
37
123,124,125,129
60,96
54,96
122,310
72,73
32,57
96
72,73
24,32,44,51,60
79,80,199,202,204,208,209,210,337
115
96,323
116
140
33,48,89,90
233,267
37
146
125
73,90,92,94,95,97,98,163,318,332
37
79
54,55,63,123
54
111,159,168,169,171
27
72,73
55,77
52
123,188
96
6,163,318
119
60
27,33
37
72,73,311,320
155
262
60,63,89,96,97,115,230,237,267
90,329
27,89
104,111,136
82
72
96
91
27
112,115
41,86,87,88,324
41
315
72,137
152
126,127,143,148,168
96
28,98
37,54
168
344
55
72
116
72,73,91,96,111
310
96
54
90
23
119
72,73
91
187,325
96,332,339
344
69,70,111
66,68,74,112
152
66,68,157,165
27,37,337
124
267
211,212
13,37,49,163
74,103,104,112,114,115
28,38,87,91,140,324,335,336
125,211,260
324
127,128
1
79
41,187,189,232,254
166
27,37
55
333,335
5,116,122,149,150
37,115
130,131
73,318
96
109,158,160,164,170
326
72
38
27,337,344
165
54
37
6,93
72,73,112,163,170,304,318
54,79,91
166
91
161,168,310,315,319
54
37
103
28,334,336
97,98,329,331,332,335
37,91,337
32
98
115,166
96
27
72,73
98
321
22,54,55,62,78
90,94,96,329
310
32
54,55
27,72,73,163,327,335
86,87
15,16,69,96,111,159,165,166
116,120,122
154,161
112,118,119,144,162,170,321
306,315
117,118,119,120,122
310
37
168
96
116
115,165
41
155
176,266
27,34
137
27
37
41,115
73,79,163,168,318
60
53,65
2,5,157,161
301,303,310
146,171
304
52,55,56
115
37,64
102
32
37
54
37,337
55,187,189,209,232,258,259
165
2,5,116
34,36,60
306,315
59
7
168
310,311,315
89
211,259,325,327
315
72
104
32
7,13,37,49
110
37,323
4
315
66,68,154,157
96
305,306,307,318
96
192,202,229
256
255
310,315
315
315
2,3,5,67,82,104,110,116,117,118
66,115
8,13,33,37
28,40
91,156,163,318
116
27,34
37,39,43,337
13,160,266,321
2,6,7,310
310
310,315
5,7,110,118,145,149,285
27
88
138,176,218
18
97,317,321
54,76
37,49,257
37
18,27,28,36,60,89
315
20,27,36,41,69,70,111,115,165,187
37
2,66,124,129,305,310,316,319
307
60
27
262
122,135,256,277,301
8,327
91
27,41
310
96
91
32,55
100
55,79,80
124
35
37,72,337
315
168
117
306,310,314,315
146
28
315
7,315
27,60,79,80
132,134
18
310
53,55,65
73
54,62
160
315
45,60,64,88,189
310,315
158
37,101
158
57,68
54
111,159,165
54
27,96
96
37,160
115
156,171
310,315
103
22,24,53,152,317,320
2,5,116,122,143,148,152,168
319
68,112
91,96
28
73,135,138,315
315
306,310
16,115,165
32,44,51,57,60,63
52,62
337
126
310,315
315
322,344
64,344
96,189
24
37
100,139,221,267
34
120
2,3,5,6,71,72,73
89
27
97
311,315
54,89,91,112,115
28
60
3,5,6
44,51,52,53,60
107
67,75,82,83,110,117,119,129,131,135
168
306,311,315
69,124
122,124,130,140
96
163,318
112,115,156
202,204
98,111
189
186
27
60
91
41
103,151
92,163,310,315,318
54,72,80,337
92
116,120,122
255
120,307
336
62,65,79
37,323,324,331,335,337
124,136
54,79,80
32,53,57,69,96,112,170
18,19,27,28,59
126
96
55,60
91,104,126
336
66,81,113,115,118,140,153,330,334
315
116,304
27
323
37
44,45,97,111,112
37,49,70,90,94,337
111,257,344
54,125,126
40
104,105,128,169
124
27
52,53,54,64,65,344
162,164
66,74,107,108
103,126,139,152,306,315
33,328
55
18,37,111
44,56
126
116,316,321
37
60
19,37,170
27
120,237,308,320
20,21,32,86,88,93
7,124,127,135,137,138,315
67,69,111
315
34,38
60
37
315
37
124
90,94,96,136
27,37,41,87
72,73,158,163,169,170
6,18,19,23,73,87,116,117,118,323
18,70,104,111,117,325,336
7
39,40,41,60
306,310,311
27
15,16
27
79
76,77,78,79
55
131
55
106
27
165
60
138
54
68,114
96
19,27,263
67,69
54
41
16,52
2,3,5,83,109,112,120,152,168,306
144,151
155
27,41
315
103,126,136
347
124
124
37,100
94
188,269,332,333
60
1,66,90,95,96,118,119,153,156,157
4,14,72,73,124,129,130,140,151
54
27
171
27,37,54,67,68,110,337,344
37,337
315
135,136,140,328
72,163
68,96,154,159,165
37,39,41,337
55
269
91
77
154
112
59
41
34,35
34
23
40,73,79
32
98
53
38,322,324,327
91,330
73,116
18,23,73,117,323,334
27,168
310,315
96
32
163,168
310,315,347
60,89
37,112,337
27,41,112,116
28,38,325
57
138
140,165,166
91
44,52,60
138
52
284
310,315
32
4,101,126,129,135,138
35,37
96
104
19,34,41
138
44,60
304,305,316
16,115,157
54
68,118,153
68,123
95,111
55
115,116,165
168
133
306,310,311,315
146
7,116,152
234,256,262
149
73,92,299,301
104
96
35
82,153
60
41
2,5
5,116
267
142,157
54
27,37,49
60
32
315
35,41
126
44,52,57
37,68,72,73,79,344
41,91
37,49,79,89,337
77,79
13,163
62,79
54,91
324,325,327,332
34
71
67
37,337
126
187,259
55
28,323,335,337,344
117,165
41,124
18,27,28
310
6,7
19,28
151,345
118,337
54,60
27
126
104,126
7
4,129,136,148,152,299
310
305
32,91
344
34,36
32,38,53,59,60,115,123,126
8,13,36,211
322
2
112,113
175
114
165,344
41
37,54
53,55
164
6,7,103,112
116
321
28
91,140,141
337
112,113
255,256
71,311,315,325
126
72,92
138
4,82,156,328
80
74
32,44,52
59
57,60,63,329,332,338,339,340
310
18,34,36
165
18,28
138
75,167,242
321
72
103
60,91
104
91
171
141,254
165
165
101,103
27
301
79,80
54
32,60,115,153
96
60
32,104,226
112,156
337
209,322
161,344
5,70,110,118,145,152
27,36,66,74,75,89,107,145,147,158
37,337
163
37,72
60
104
27,327
315
315
175,181,199,204,205,206,232,237,264
57
318
339
54,64
15,41,52,57,63,111
126
5,73,92,140,315
19,38,326
57,64
310,315
2,5,6,72,73,120,122,301
18,38
4,6,22,72,73,117,122,262,301,347
54
126
96
310
32
315
72,73,120
91
125
310
92
321
55
27,37,112,305,317,318,326,337
37,337
89
129,131
72,73,92,93,242
28,96
27,68
110
6,73,91,163
39,41,92,93,94,140
27,37,49,119,304,337
69,163
66,74
32,51,53
25,27,34
60
37
91
111
18,28,60
27,32,79
5
168
28,34
41
28
136
27
147,152
18
192,193,236,242,264
2,7
73
152
27,37,41,49
334
16
13,22,24,71,72,73,86,87,99,103
267
146
315
145,152
32,62
260
27,98
163
72,168
96,336,337
5,120,143,152
117
32,115
90,329,330,331,333
91
5,152,163,310
60,63,340
14,165,302,303,309
41
19,60,214
18,28,34
49
8
5,13,72,101,124,136,138,158
171
36
37
112,163
27
92
165
165
44
96,170,332,336,337
159,165
128
156
34
32,59
52,55
112
244
22,92,318,320,323
55
106,325
130
310,315
54
27,37,337
60
54,62
166
226
322
55,62
110
195,257
6,116,122
148,160
5
28,195
150,171
28,87,322,324
41,89,94,95,330,333
32
37,49
38
22,94,97
57,63
125
129
45
310
95,329
79
18,28,33,34,36,37,49,54,211,259
89,90,96,189
124
37,323,337
328
72,163,254
55
37,336,337
96
57
123,171
4,20,22,23,24,297,300
19,41
168
44
96
37
55
37
93
27,96
19,28,337
41
51,60
38,327
70
18,28
54,55,57,63,89,197,215
68,157
37,60
27
4
5
89,91
41,89,335,337
91
124,127,138
19,27,28,40,87,334,336
337
67
111
16,83,115
34,336
62,254
111,335,336,337,344
60
336
310,315
96
34,60,336
37,79,163,337
343,344
59,60,96
68,112,113,157
161,171
27,38,326
91
41,100
94
27,41
141
126
72,73,163,318
146
27
41,69,141
68
123,126
81
72,73
52,53,55
60
126,128,141,212,268
90,98,126
96
27
19,37,70
318
116,124
52
27,34,37,70,115,169,336,337
32,60,171
96
56,96
52
65
27
315
103
32,37,49,141,142
3,5,6,72,73,122,232,301,318
20,22
27,37,337
158,164
71,72,73,112
153
27
73
60
2
36
115
154,161
19,27,35,140
27,37,94,165,337
53,77
60
53,55,59,62,64,65,79,267
27,45,60
153
52
27,41
124,126
133
111
306,315
27,64
163,318
315
28,35,337
321
34
124
20
37,325,332,333,334
55,189
73
60
41
34
55,62
72,73,267
171,235
51,56,60
54
254
41
88,96,97
88
18,251
49
46,57,60
41,116,127,128,148,168,323,326
97,140,141,180,219,254,267
300
81,82,83,104,105,297,298,299,300,301
5,168
310
112
27,41,96
37,329
310
28,41,97,112,157
119
119,304,316
41,60
6
32
28
62,91
115
90,97,123,124,209,211
124
96
73,197
95,97,330,332,333
6,120,310
44,56
192
98
131
28,335
68,69
116,117
103,144,161,168,269,325,326
91
57
27,37
54,79
44,53
79
72,74,112,158
37,91
27,28,37,60
27,35
97,335
35,36,37,41,49,337
154,164
32
124
54
136,315
44,51
91
122
60
69,96,111
146
37,337
311,315
57,189,212
168,175,202,233,265
60
65,79
91
37,337,344
64
79
112,113,114,118
99
41
37,123,126,337
27,332,337
124
112
40,95,96,97,98
156,295,296
154
37
124
310,315
310
112,189
27,65
315
258,260
89,98,108,111,168
2,5,6,7,72,73,101,102,104,105
27,36,37
127
60,337
332
28,86,171,337
60,77
96
56
310,315
123,125,126,156
115
27
41,89
267,270
37,54
27,37
115
310,315
214
96
37,267
2,5,7,11,12,116,120,122
57
96
254
27
27,54,189
122,318
212
60,76,77,80,90,91,96,184
37,60,337
145
99,103,128
321
70,111,117,159,165,166
94
37,49,54,332,337
96
96
5,116,168
209,268
37,49,336,337
5
126
62,64,79,212
315
99,100,101,103
111,112
72,96
60
67,71
110,150,154
27
27,38,60,230
315
335,336,337
22
72
19,88,325
149
112,116,168
315
41,60
27
2,5,6,101,104,105,140,297,298,299
112,321
98
69,96
60,63
130
124
115,123
96
4,5,99,143,167,317
53
41,91
37
141
89,92,124
37
168
72
27,37,41,49,87,95,324,325,326
18,27,38
73,163,318
54
310,315
321
96,111,159
37
56
67,71,86,92,93,97,328
310
73
34
27
154,155,158
75,152,320,321
6,7,72,73,92,122,163,297,298,299
27,324
323,325
96
60,61,72,245,269
163
18,34,41,327
18,28
185,254
72
5,6,7,67,73,74,75,81,82,83
86,87,125,130,131,135
149
168,236
151
254,322,324
211
64
37,337,344
18,19,27,28
37,54
54,344
98
89,91
32
40
41
146
337
28,37,69,111,166
28,33,107,272
344
171,188,189,191
165
306,311,315
124,125
116,191
6
60
18,27,28,41
87
96
28,38
168
18,38,87,89,90,95
116
107,125,147
37,49,54
96
55
34,334
74,75,336
37,60,337
37,233,327,336,337
37
27,28,37,41,60,77,323,341
18,28
54
32
2,7,71,72,73,75,120
148,168,310,315
269
38
104
104,262
37
37
57
28,269
41,71,86,87,92,93,94,334
58,62,125
60
310,315
28,34,335
45
37,112,154
6
55
60
72
18,19,27,28
164
111,168
3,4,5,143
72,73
96
38,68,87,146
27,37
66,96,112,158
89
28
310
23
126
32,57,79,267
33,35,37,79,96,129
55,161
32
318,319
45
68,112
124
102
124,126
18,27,28,34,37,60,70,111,118,148
123,124
165
45,73
38,77,79,80
6,193
91
18,34,41
328
158
27,335
27
37,337
162,304,305
171
44
115
96,336
13,112,116,137
60
23,116,149
87
111
123,124
18,34,38,60,336
137,168
27,36
102
18,20
37
45,51,53,60,86,123
91
228,265
153,254
54
27,28
37,337
37,120
18,34,57,69,70,96,111
112
112
22,24,60,130,131,140,150,297,337
18,36,63,324
103
44,46
112
104
37
60
37
41
315
27,124
140,141
27
27,79
130
104
60
37,80
333
328,333
104
95
155
23,186
41,60,64,88
254
116,120,310,315,316
105,136,140
129
20,178,213,254
335
28
27
44,51,53
37,49,54
171
5,168
32,54,55,59,79,80
5,41,55,60,75,107,112,159
91
72,73,122,301
13,73,115
96
140
37,54
112
130
102
72,73,289
237
150,171,321
36,322,336
62,310
146,158,170,171
37,337
168,311,315
5,104,117,119,164,170,310,315
315
141,142
32
39,43,267,336
36,335
91
44,55,57,60,76,77,78,79,80
18,27,28,335,336
2,4,5,7,67,71,72,74,75,135
52,55,57,60
18,27,37,267,337
83
37,49
168
103,133
19
77
62,64,65,79,80
131,138
54
125,129
202,237,254
53
165
159,166,309,325,326
126
202,234
27,36,38,68,103,108,110,146,149,161
92,93,95,96,315,318
171
2,3,5,7,24,66,68,73,74,82
135,145,149
27,60,72
37
124
110,118,145,149,345
112
310,315
171
319
24
72
91
32,54
315
127
88,102
116
54
25,27,41,60,88,91,324
32
112,304
27
171
55
27
315
87
18
111,123,124,125
104,306,311,315
34,72
27,62
315
27
262
175,315
27,34,35,36,320,321
94,344
101,134,137,315
36
25,27
36,38
131,137
136
97
116,122,310
79
123,126
105
120
310,311,315,346
98,328,330,333